<?xml version="1.0" encoding="utf-8"?>
<COLLADA xmlns="http://www.collada.org/2005/11/COLLADASchema" version="1.4.1">
  <asset>
    <contributor>
      <author>Mixamo</author>
      <authoring_tool>COLLADA Mixamo exporter</authoring_tool>
      <comments/>
    </contributor>
    <created>2024-05-08T03:18:36Z</created>
    <modified>2024-05-08T03:18:36Z</modified>
    <revision/>
    <title/>
    <unit meter="0.010000"/>
    <up_axis>Y_UP</up_axis>
  </asset>
  <library_animations>
    <animation id="mixamorig6_Hips-anim" name="mixamorig6_Hips">
      <source id="mixamorig6_Hips-Matrix-animation-input">
        <float_array id="mixamorig6_Hips-Matrix-animation-input-array" count="281">

0.000000 0.033333 0.066667 0.100000 0.133333 0.166667 0.200000 0.233333 0.266667 0.300000 0.333333 0.366667 0.400000 0.433333 0.466667 0.500000
0.533333 0.566667 0.600000 0.633333 0.666667 0.700000 0.733333 0.766667 0.800000 0.833333 0.866667 0.900000 0.933333 0.966667 1.000000 1.033333
1.066667 1.100000 1.133333 1.166667 1.200000 1.233333 1.266667 1.300000 1.333333 1.366667 1.400000 1.433333 1.466667 1.500000 1.533333 1.566667
1.600000 1.633333 1.666667 1.700000 1.733333 1.766667 1.800000 1.833333 1.866667 1.900000 1.933333 1.966667 2.000000 2.033333 2.066667 2.100000
2.133333 2.166667 2.200000 2.233333 2.266667 2.300000 2.333333 2.366667 2.400000 2.433333 2.466667 2.500000 2.533333 2.566667 2.600000 2.633333
2.666667 2.700000 2.733333 2.766667 2.800000 2.833333 2.866667 2.900000 2.933333 2.966667 3.000000 3.033333 3.066667 3.100000 3.133333 3.166667
3.200000 3.233333 3.266667 3.300000 3.333333 3.366667 3.400000 3.433333 3.466667 3.500000 3.533333 3.566667 3.600000 3.633333 3.666667 3.700000
3.733333 3.766667 3.800000 3.833333 3.866667 3.900000 3.933333 3.966667 4.000000 4.033333 4.066667 4.100000 4.133333 4.166667 4.200000 4.233333
4.266667 4.300000 4.333333 4.366667 4.400000 4.433333 4.466667 4.500000 4.533333 4.566667 4.600000 4.633333 4.666667 4.700000 4.733333 4.766667
4.800000 4.833333 4.866667 4.900000 4.933333 4.966667 5.000000 5.033333 5.066667 5.100000 5.133333 5.166667 5.200000 5.233333 5.266667 5.300000
5.333333 5.366667 5.400000 5.433333 5.466667 5.500000 5.533333 5.566667 5.600000 5.633333 5.666667 5.700000 5.733333 5.766667 5.800000 5.833333
5.866667 5.900000 5.933333 5.966667 6.000000 6.033333 6.066667 6.100000 6.133333 6.166667 6.200000 6.233333 6.266667 6.300000 6.333333 6.366667
6.400000 6.433333 6.466667 6.500000 6.533333 6.566667 6.600000 6.633333 6.666667 6.700000 6.733333 6.766667 6.800000 6.833333 6.866667 6.900000
6.933333 6.966667 7.000000 7.033333 7.066667 7.100000 7.133333 7.166667 7.200000 7.233333 7.266667 7.300000 7.333333 7.366667 7.400000 7.433333
7.466667 7.500000 7.533333 7.566667 7.600000 7.633333 7.666667 7.700000 7.733333 7.766667 7.800000 7.833333 7.866667 7.900000 7.933333 7.966667
8.000000 8.033333 8.066667 8.100000 8.133333 8.166667 8.200000 8.233333 8.266667 8.300000 8.333333 8.366667 8.400000 8.433333 8.466667 8.500000
8.533333 8.566667 8.600000 8.633333 8.666667 8.700000 8.733333 8.766667 8.800000 8.833333 8.866667 8.900000 8.933333 8.966667 9.000000 9.033333
9.066667 9.100000 9.133333 9.166667 9.200000 9.233333 9.266667 9.300000 9.333333</float_array>
        <technique_common>
          <accessor source="#mixamorig6_Hips-Matrix-animation-input-array" count="281">
            <param name="TIME" type="float"/>
          </accessor>
        </technique_common>
      </source>
      <source id="mixamorig6_Hips-Matrix-animation-output-transform">
        <float_array id="mixamorig6_Hips-Matrix-animation-output-transform-array" count="4496">

0.874561 -0.017707 -0.484592 -0.028721 -0.004419 0.999001 -0.044479 62.950226 0.484895 0.041041 0.873609 0.161062 0.000000 0.000000 0.000000 1.000000
0.874398 -0.018977 -0.484838 -0.051107 -0.004520 0.998873 -0.047249 62.944786 0.485188 0.043506 0.873327 0.180256 0.000000 0.000000 0.000000 1.000000
0.874511 -0.020182 -0.484586 -0.075482 -0.004794 0.998725 -0.050246 62.936180 0.484982 0.046264 0.873300 0.197290 0.000000 0.000000 0.000000 1.000000
0.875079 -0.021276 -0.483512 -0.101832 -0.005245 0.998558 -0.053432 62.924583 0.483951 0.049293 0.873706 0.210507 0.000000 0.000000 0.000000 1.000000
0.876279 -0.022299 -0.481288 -0.133481 -0.005819 0.998366 -0.056851 62.909748 0.481769 0.052618 0.874717 0.220460 0.000000 0.000000 0.000000 1.000000
0.878310 -0.023411 -0.477517 -0.172866 -0.006272 0.998150 -0.060473 62.891544 0.478050 0.056109 0.876539 0.228876 0.000000 0.000000 0.000000 1.000000
0.881391 -0.024843 -0.471733 -0.220246 -0.006298 0.997910 -0.064319 62.870220 0.472345 0.059661 0.879392 0.239157 0.000000 0.000000 0.000000 1.000000
0.885664 -0.026568 -0.463567 -0.275767 -0.005851 0.997644 -0.068354 62.846153 0.464291 0.063251 0.883421 0.253924 0.000000 0.000000 0.000000 1.000000
0.891046 -0.028207 -0.453035 -0.339802 -0.005235 0.997362 -0.072394 62.819439 0.453882 0.066879 0.888548 0.274104 0.000000 0.000000 0.000000 1.000000
0.897246 -0.029408 -0.440551 -0.412700 -0.004740 0.997080 -0.076212 62.789345 0.441506 0.070469 0.894487 0.298969 0.000000 0.000000 0.000000 1.000000
0.903924 -0.030178 -0.426627 -0.492007 -0.004337 0.996810 -0.079699 62.756424 0.427671 0.073892 0.900909 0.328067 0.000000 0.000000 0.000000 1.000000
0.910823 -0.030679 -0.411655 -0.576599 -0.003939 0.996543 -0.082984 62.720005 0.412778 0.077205 0.907554 0.361301 0.000000 0.000000 0.000000 1.000000
0.917914 -0.030813 -0.395581 -0.670694 -0.003757 0.996260 -0.086320 62.680984 0.396761 0.080720 0.914366 0.399587 0.000000 0.000000 0.000000 1.000000
0.925443 -0.030494 -0.377658 -0.777480 -0.003797 0.995959 -0.089725 62.639881 0.378868 0.084470 0.921588 0.444895 0.000000 0.000000 0.000000 1.000000
0.933565 -0.029690 -0.357176 -0.892643 -0.003870 0.995670 -0.092880 62.597664 0.358387 0.088092 0.929408 0.497954 0.000000 0.000000 0.000000 1.000000
0.941916 -0.028437 -0.334643 -1.010255 -0.003960 0.995399 -0.095733 62.552841 0.335826 0.091498 0.937470 0.556686 0.000000 0.000000 0.000000 1.000000
0.950037 -0.026958 -0.310970 -1.128337 -0.004020 0.995124 -0.098547 62.505291 0.312111 0.094873 0.945297 0.617322 0.000000 0.000000 0.000000 1.000000
0.957927 -0.025275 -0.285896 -1.248062 -0.004022 0.994835 -0.101425 62.454144 0.286983 0.098307 0.952878 0.681281 0.000000 0.000000 0.000000 1.000000
0.965842 -0.022848 -0.258123 -1.375367 -0.004337 0.994540 -0.104263 62.398254 0.259096 0.101821 0.960469 0.754619 0.000000 0.000000 0.000000 1.000000
0.973801 -0.019139 -0.226594 -1.515617 -0.005349 0.994249 -0.106963 62.335552 0.227338 0.105373 0.968098 0.842953 0.000000 0.000000 0.000000 1.000000
0.981349 -0.014784 -0.191667 -1.661379 -0.006408 0.993969 -0.109478 62.264473 0.192129 0.108664 0.975335 0.942927 0.000000 0.000000 0.000000 1.000000
0.987892 -0.010103 -0.154815 -1.797650 -0.007345 0.993713 -0.111718 62.185844 0.154971 0.111503 0.981606 1.045374 0.000000 0.000000 0.000000 1.000000
0.993175 -0.005446 -0.116511 -1.922367 -0.007915 0.993460 -0.113903 62.100227 0.116369 0.114047 0.986636 1.147678 0.000000 0.000000 0.000000 1.000000
0.997102 -0.000645 -0.076079 -2.042312 -0.008210 0.993213 -0.116022 62.009350 0.075638 0.116310 0.990329 1.258954 0.000000 0.000000 0.000000 1.000000
0.999429 0.004569 -0.033492 -2.157648 -0.008484 0.993014 -0.117694 61.915825 0.032720 0.117911 0.992485 1.383038 0.000000 0.000000 0.000000 1.000000
0.999898 0.010172 0.010064 -2.262790 -0.008908 0.992907 -0.118561 61.820595 -0.011198 0.118459 0.992896 1.513244 0.000000 0.000000 0.000000 1.000000
0.998458 0.015689 0.053256 -2.352450 -0.009239 0.992819 -0.119265 61.720596 -0.054745 0.118589 0.991433 1.644004 0.000000 0.000000 0.000000 1.000000
0.995216 0.020717 0.095473 -2.422673 -0.009171 0.992752 -0.119827 61.616722 -0.097264 0.118378 0.988194 1.773779 0.000000 0.000000 0.000000 1.000000
0.990310 0.024986 0.136606 -2.472175 -0.008497 0.992740 -0.119977 61.509644 -0.138612 0.117654 0.983333 1.902670 0.000000 0.000000 0.000000 1.000000
0.983870 0.028278 0.176638 -2.503519 -0.006983 0.992745 -0.120034 61.400402 -0.178751 0.116864 0.976929 2.032951 0.000000 0.000000 0.000000 1.000000
0.975987 0.031284 0.215572 -2.519754 -0.005367 0.992787 -0.119775 61.292019 -0.217764 0.115742 0.969114 2.172732 0.000000 0.000000 0.000000 1.000000
0.966785 0.034601 0.253236 -2.526519 -0.004557 0.992970 -0.118276 61.188023 -0.255549 0.113193 0.960147 2.332357 0.000000 0.000000 0.000000 1.000000
0.956463 0.037812 0.289393 -2.528384 -0.004311 0.993294 -0.115534 61.088375 -0.291821 0.109257 0.950212 2.504824 0.000000 0.000000 0.000000 1.000000
0.945153 0.040820 0.324068 -2.524548 -0.003944 0.993514 -0.113643 60.992081 -0.326605 0.106132 0.939183 2.665748 0.000000 0.000000 0.000000 1.000000
0.932861 0.043891 0.357552 -2.515096 -0.003456 0.993594 -0.112953 60.899296 -0.360219 0.104134 0.927037 2.804650 0.000000 0.000000 0.000000 1.000000
0.919609 0.047180 0.389991 -2.504835 -0.003308 0.993657 -0.112409 60.806625 -0.392820 0.102082 0.913932 2.934867 0.000000 0.000000 0.000000 1.000000
0.905630 0.050545 0.421045 -2.496891 -0.003572 0.993746 -0.111611 60.714916 -0.424053 0.099574 0.900147 3.066781 0.000000 0.000000 0.000000 1.000000
0.891337 0.053622 0.450158 -2.490793 -0.004058 0.993884 -0.110354 60.626923 -0.453322 0.096536 0.886104 3.189567 0.000000 0.000000 0.000000 1.000000
0.877094 0.057219 0.476898 -2.483466 -0.005007 0.993914 -0.110043 60.544716 -0.480292 0.094130 0.872043 3.295422 0.000000 0.000000 0.000000 1.000000
0.863110 0.060519 0.501376 -2.477928 -0.005995 0.993952 -0.109656 60.472172 -0.504980 0.091639 0.858253 3.379177 0.000000 0.000000 0.000000 1.000000
0.849463 0.063721 0.523787 -2.471891 -0.006817 0.993924 -0.109858 60.407734 -0.527605 0.089750 0.844736 3.443686 0.000000 0.000000 0.000000 1.000000
0.836129 0.066804 0.544450 -2.462408 -0.007407 0.993841 -0.110570 60.352234 -0.548483 0.088418 0.831474 3.487888 0.000000 0.000000 0.000000 1.000000
0.823251 0.069301 0.563431 -2.450195 -0.007373 0.993742 -0.111457 60.307903 -0.567629 0.087603 0.818610 3.506322 0.000000 0.000000 0.000000 1.000000
0.811145 0.071630 0.580441 -2.435843 -0.006937 0.993580 -0.112920 60.273270 -0.584803 0.087568 0.806435 3.493946 0.000000 0.000000 0.000000 1.000000
0.799966 0.074381 0.595417 -2.418840 -0.006614 0.993320 -0.115202 60.241577 -0.600008 0.088219 0.795115 3.454782 0.000000 0.000000 0.000000 1.000000
0.789736 0.077083 0.608584 -2.399812 -0.006102 0.993012 -0.117856 60.211716 -0.613416 0.089362 0.784688 3.406984 0.000000 0.000000 0.000000 1.000000
0.780545 0.079244 0.620057 -2.379163 -0.005558 0.992773 -0.119881 60.184036 -0.625075 0.090127 0.775344 3.360813 0.000000 0.000000 0.000000 1.000000
0.772433 0.080635 0.629957 -2.357596 -0.004737 0.992611 -0.121246 60.160442 -0.635079 0.090671 0.767107 3.318491 0.000000 0.000000 0.000000 1.000000
0.765435 0.081570 0.638322 -2.335215 -0.003760 0.992484 -0.122319 60.140808 -0.643502 0.091227 0.759989 3.277451 0.000000 0.000000 0.000000 1.000000
0.759706 0.082087 0.645065 -2.311479 -0.002798 0.992404 -0.122992 60.125618 -0.650261 0.091633 0.754164 3.238828 0.000000 0.000000 0.000000 1.000000
0.755352 0.082818 0.650065 -2.288995 -0.002209 0.992298 -0.123852 60.113377 -0.655315 0.092116 0.749718 3.203857 0.000000 0.000000 0.000000 1.000000
0.752022 0.083511 0.653826 -2.268177 -0.001758 0.992192 -0.124708 60.100727 -0.659136 0.092634 0.746297 3.171680 0.000000 0.000000 0.000000 1.000000
0.749061 0.084286 0.657117 -2.247291 -0.001310 0.992060 -0.125755 60.090561 -0.662499 0.093337 0.743224 3.138218 0.000000 0.000000 0.000000 1.000000
0.746004 0.085079 0.660484 -2.226137 -0.000696 0.991904 -0.126985 60.081310 -0.665941 0.094272 0.740024 3.096087 0.000000 0.000000 0.000000 1.000000
0.742553 0.085893 0.664256 -2.204175 0.000007 0.991742 -0.128248 60.072712 -0.669787 0.095236 0.736421 3.043647 0.000000 0.000000 0.000000 1.000000
0.738190 0.086861 0.668977 -2.180603 0.000884 0.991550 -0.129720 60.063110 -0.674592 0.096349 0.731876 2.984096 0.000000 0.000000 0.000000 1.000000
0.732490 0.087961 0.675071 -2.155008 0.001796 0.991364 -0.131123 60.051132 -0.680775 0.097259 0.726007 2.918328 0.000000 0.000000 0.000000 1.000000
0.725942 0.089063 0.681964 -2.128522 0.002799 0.991189 -0.132427 60.038712 -0.687750 0.098043 0.719297 2.848609 0.000000 0.000000 0.000000 1.000000
0.719708 0.089680 0.688460 -2.104205 0.003924 0.991081 -0.133202 60.028019 -0.694265 0.098568 0.712937 2.776490 0.000000 0.000000 0.000000 1.000000
0.714645 0.090532 0.693604 -2.080566 0.004881 0.990919 -0.134368 60.016792 -0.699470 0.099411 0.707714 2.703366 0.000000 0.000000 0.000000 1.000000
0.710666 0.091173 0.697597 -2.059077 0.005835 0.990769 -0.135433 60.004753 -0.703506 0.100318 0.703574 2.628535 0.000000 0.000000 0.000000 1.000000
0.706886 0.091791 0.701346 -2.037796 0.006935 0.990597 -0.136638 59.993584 -0.707293 0.101451 0.699603 2.553771 0.000000 0.000000 0.000000 1.000000
0.702747 0.092497 0.705401 -2.016298 0.008068 0.990412 -0.137907 59.981182 -0.711394 0.102605 0.695263 2.479604 0.000000 0.000000 0.000000 1.000000
0.698867 0.092970 0.709184 -1.996333 0.008988 0.990296 -0.138681 59.969734 -0.715195 0.103294 0.691250 2.408901 0.000000 0.000000 0.000000 1.000000
0.696026 0.093251 0.711935 -1.978526 0.009695 0.990220 -0.139180 59.960510 -0.717951 0.103775 0.688315 2.345818 0.000000 0.000000 0.000000 1.000000
0.694031 0.093584 0.713837 -1.962060 0.009818 0.990193 -0.139360 59.951580 -0.719878 0.103729 0.686306 2.289889 0.000000 0.000000 0.000000 1.000000
0.692351 0.093918 0.715422 -1.946165 0.009540 0.990215 -0.139225 59.943970 -0.721498 0.103218 0.684681 2.239433 0.000000 0.000000 0.000000 1.000000
0.690897 0.094146 0.716797 -1.930700 0.009351 0.990238 -0.139073 59.936378 -0.722893 0.102788 0.683272 2.191069 0.000000 0.000000 0.000000 1.000000
0.689900 0.094378 0.717726 -1.915384 0.009348 0.990221 -0.139196 59.929100 -0.723845 0.102740 0.682271 2.143486 0.000000 0.000000 0.000000 1.000000
0.689601 0.094786 0.717960 -1.900319 0.009198 0.990171 -0.139558 59.922157 -0.724131 0.102843 0.681951 2.098212 0.000000 0.000000 0.000000 1.000000
0.690049 0.095118 0.717485 -1.885769 0.008804 0.990150 -0.139733 59.916214 -0.723709 0.102739 0.682415 2.057622 0.000000 0.000000 0.000000 1.000000
0.691059 0.095293 0.716489 -1.872296 0.008255 0.990166 -0.139654 59.909279 -0.722751 0.102423 0.683477 2.018844 0.000000 0.000000 0.000000 1.000000
0.692363 0.095439 0.715210 -1.858798 0.007630 0.990190 -0.139519 59.902477 -0.721509 0.102054 0.684843 1.975250 0.000000 0.000000 0.000000 1.000000
0.693661 0.095741 0.713910 -1.843965 0.007087 0.990172 -0.139676 59.896107 -0.720267 0.101947 0.686165 1.920314 0.000000 0.000000 0.000000 1.000000
0.694688 0.096042 0.712871 -1.827849 0.006938 0.990106 -0.140153 59.887924 -0.719278 0.102309 0.687148 1.854298 0.000000 0.000000 0.000000 1.000000
0.695239 0.096705 0.712244 -1.809407 0.006890 0.989966 -0.141139 59.876682 -0.718746 0.103033 0.687596 1.779450 0.000000 0.000000 0.000000 1.000000
0.695012 0.097691 0.712331 -1.788832 0.006983 0.989763 -0.142552 59.863182 -0.718964 0.104050 0.687215 1.693290 0.000000 0.000000 0.000000 1.000000
0.693500 0.099101 0.713608 -1.764157 0.007507 0.989447 -0.144703 59.846264 -0.720417 0.105708 0.685438 1.590755 0.000000 0.000000 0.000000 1.000000
0.690613 0.100474 0.716212 -1.736445 0.009078 0.989021 -0.147498 59.826267 -0.723168 0.108366 0.682118 1.473777 0.000000 0.000000 0.000000 1.000000
0.687268 0.102314 0.719162 -1.704943 0.011184 0.988423 -0.151310 59.803986 -0.726318 0.112033 0.678168 1.354439 0.000000 0.000000 0.000000 1.000000
0.684477 0.108287 0.720947 -1.659723 0.011070 0.987249 -0.158796 59.775505 -0.728950 0.116673 0.674551 1.242709 0.000000 0.000000 0.000000 1.000000
0.682328 0.115378 0.721884 -1.609290 0.010551 0.985810 -0.167533 59.745609 -0.730970 0.121929 0.671428 1.145768 0.000000 0.000000 0.000000 1.000000
0.680230 0.122732 0.722650 -1.555796 0.010165 0.984208 -0.176722 59.714943 -0.732928 0.127557 0.668241 1.063394 0.000000 0.000000 0.000000 1.000000
0.677828 0.129621 0.723704 -1.500486 0.010242 0.982576 -0.185579 59.684334 -0.735149 0.133203 0.664690 0.993875 0.000000 0.000000 0.000000 1.000000
0.675326 0.135625 0.724941 -1.445577 0.010705 0.981040 -0.193510 59.655998 -0.737441 0.138443 0.661070 0.934152 0.000000 0.000000 0.000000 1.000000
0.673088 0.140569 0.726080 -1.392466 0.011688 0.979626 -0.200490 59.628250 -0.739470 0.143434 0.657732 0.879219 0.000000 0.000000 0.000000 1.000000
0.670933 0.144747 0.727253 -1.340028 0.013418 0.978232 -0.207079 59.601616 -0.741397 0.148694 0.654386 0.826883 0.000000 0.000000 0.000000 1.000000
0.668093 0.148614 0.729085 -1.286019 0.015769 0.976803 -0.213558 59.574650 -0.743910 0.154173 0.650252 0.777875 0.000000 0.000000 0.000000 1.000000
0.664030 0.152491 0.731991 -1.229945 0.018281 0.975379 -0.219778 59.546165 -0.747482 0.159321 0.644893 0.733661 0.000000 0.000000 0.000000 1.000000
0.659042 0.156737 0.735593 -1.171630 0.020412 0.973957 -0.225814 59.509644 -0.751829 0.163836 0.638679 0.698178 0.000000 0.000000 0.000000 1.000000
0.653892 0.161455 0.739160 -1.111800 0.022077 0.972477 -0.231949 59.475647 -0.756266 0.167988 0.632331 0.672534 0.000000 0.000000 0.000000 1.000000
0.649040 0.166395 0.742334 -1.052129 0.023560 0.970922 -0.238233 59.441349 -0.760389 0.172112 0.626247 0.654668 0.000000 0.000000 0.000000 1.000000
0.644482 0.171230 0.745200 -0.993523 0.025136 0.969331 -0.244469 59.408314 -0.764206 0.176287 0.620412 0.641631 0.000000 0.000000 0.000000 1.000000
0.640095 0.175777 0.747918 -0.936969 0.026911 0.967749 -0.250474 59.377308 -0.767824 0.180454 0.614721 0.631137 0.000000 0.000000 0.000000 1.000000
0.635795 0.180001 0.750576 -0.877440 0.028823 0.966213 -0.256129 59.348320 -0.771319 0.184480 0.609125 0.622832 0.000000 0.000000 0.000000 1.000000
0.631556 0.183899 0.753205 -0.817649 0.030670 0.964778 -0.261272 59.324169 -0.774723 0.188108 0.603671 0.619611 0.000000 0.000000 0.000000 1.000000
0.627540 0.187275 0.755726 -0.755376 0.032376 0.963525 -0.265654 59.303841 -0.777911 0.191176 0.598587 0.622878 0.000000 0.000000 0.000000 1.000000
0.624104 0.189847 0.757926 -0.688888 0.033802 0.962564 -0.268939 59.285370 -0.780610 0.193465 0.594323 0.634200 0.000000 0.000000 0.000000 1.000000
0.621561 0.191232 0.759666 -0.617315 0.034954 0.962010 -0.270768 59.270882 -0.782586 0.194852 0.591263 0.651886 0.000000 0.000000 0.000000 1.000000
0.619971 0.191176 0.760978 -0.542821 0.036054 0.961897 -0.271025 59.260414 -0.783796 0.195464 0.589456 0.672157 0.000000 0.000000 0.000000 1.000000
0.619232 0.189860 0.761908 -0.470599 0.037087 0.962172 -0.269907 59.255432 -0.784332 0.195392 0.588767 0.693960 0.000000 0.000000 0.000000 1.000000
0.619249 0.187632 0.762446 -0.405884 0.037821 0.962774 -0.267649 59.259861 -0.784283 0.194578 0.589101 0.718576 0.000000 0.000000 0.000000 1.000000
0.619903 0.184755 0.762618 -0.350524 0.038142 0.963642 -0.264461 59.272938 -0.783751 0.193028 0.590318 0.744653 0.000000 0.000000 0.000000 1.000000
0.620793 0.181472 0.762682 -0.303489 0.038183 0.964687 -0.260616 59.294121 -0.783044 0.190910 0.591942 0.768760 0.000000 0.000000 0.000000 1.000000
0.621371 0.177854 0.763064 -0.264708 0.038278 0.965842 -0.256288 59.318558 -0.782581 0.188459 0.593338 0.787439 0.000000 0.000000 0.000000 1.000000
0.621345 0.173681 0.764045 -0.233592 0.038668 0.967138 -0.251294 59.341743 -0.782582 0.185685 0.594210 0.800657 0.000000 0.000000 0.000000 1.000000
0.620715 0.168524 0.765710 -0.210676 0.039504 0.968664 -0.245215 59.361271 -0.783040 0.182457 0.594607 0.809892 0.000000 0.000000 0.000000 1.000000
0.619585 0.162301 0.767967 -0.195089 0.040538 0.970467 -0.237803 59.381252 -0.783882 0.178471 0.594707 0.820245 0.000000 0.000000 0.000000 1.000000
0.618073 0.155248 0.770638 -0.186414 0.041664 0.972459 -0.229321 59.403088 -0.785015 0.173845 0.594583 0.832489 0.000000 0.000000 0.000000 1.000000
0.616410 0.147772 0.773435 -0.183176 0.042824 0.974488 -0.220316 59.427094 -0.786260 0.168927 0.594356 0.846739 0.000000 0.000000 0.000000 1.000000
0.615029 0.139936 0.775988 -0.186334 0.044049 0.976492 -0.211006 59.452785 -0.787274 0.163956 0.594406 0.863227 0.000000 0.000000 0.000000 1.000000
0.614404 0.131646 0.777931 -0.196119 0.045127 0.978504 -0.201229 59.479977 -0.787700 0.158741 0.595257 0.884915 0.000000 0.000000 0.000000 1.000000
0.614526 0.122903 0.779264 -0.211666 0.045981 0.980531 -0.190907 59.507401 -0.787556 0.153149 0.596910 0.909864 0.000000 0.000000 0.000000 1.000000
0.614499 0.113878 0.780656 -0.234872 0.046839 0.982515 -0.180193 59.533447 -0.787526 0.147293 0.598421 0.930670 0.000000 0.000000 0.000000 1.000000
0.612937 0.104765 0.783156 -0.272350 0.047841 0.984432 -0.169132 59.557983 -0.788682 0.141134 0.598382 0.946117 0.000000 0.000000 0.000000 1.000000
0.609014 0.095633 0.787373 -0.328520 0.048989 0.986274 -0.157683 59.579235 -0.791645 0.134604 0.595970 0.958555 0.000000 0.000000 0.000000 1.000000
0.603517 0.086689 0.792624 -0.400792 0.050081 0.987988 -0.146188 59.596893 -0.795776 0.127923 0.591926 0.970116 0.000000 0.000000 0.000000 1.000000
0.598570 0.078152 0.797249 -0.487408 0.050913 0.989506 -0.135223 59.611103 -0.799451 0.121531 0.588310 0.981915 0.000000 0.000000 0.000000 1.000000
0.596089 0.069987 0.799862 -0.586892 0.051402 0.990824 -0.125003 59.625099 -0.801271 0.115628 0.587022 0.995322 0.000000 0.000000 0.000000 1.000000
0.596702 0.061875 0.800074 -0.696985 0.051825 0.991970 -0.115366 59.640614 -0.800787 0.110303 0.588704 1.008656 0.000000 0.000000 0.000000 1.000000
0.599918 0.053716 0.798256 -0.815410 0.052340 0.992971 -0.106154 59.660912 -0.798347 0.105464 0.592890 1.020304 0.000000 0.000000 0.000000 1.000000
0.604868 0.045611 0.795019 -0.942720 0.052769 0.993868 -0.097167 59.690289 -0.794576 0.100725 0.598752 1.032511 0.000000 0.000000 0.000000 1.000000
0.610768 0.037534 0.790919 -1.080365 0.053049 0.994692 -0.088170 59.722992 -0.790030 0.095809 0.605535 1.047315 0.000000 0.000000 0.000000 1.000000
0.617161 0.029535 0.786282 -1.225946 0.053179 0.995445 -0.079132 59.755024 -0.785038 0.090651 0.612779 1.067880 0.000000 0.000000 0.000000 1.000000
0.624069 0.021761 0.781066 -1.374545 0.053045 0.996126 -0.070136 59.786438 -0.779567 0.085201 0.620497 1.099046 0.000000 0.000000 0.000000 1.000000
0.631801 0.014177 0.775001 -1.522717 0.052655 0.996738 -0.061159 59.818596 -0.773340 0.079448 0.628994 1.141491 0.000000 0.000000 0.000000 1.000000
0.640640 0.006806 0.767811 -1.672057 0.052036 0.997277 -0.052257 59.852894 -0.766076 0.073432 0.638542 1.192548 0.000000 0.000000 0.000000 1.000000
0.650779 -0.000050 0.759267 -1.825382 0.051266 0.997721 -0.043875 59.891392 -0.757534 0.067477 0.649298 1.245171 0.000000 0.000000 0.000000 1.000000
0.662469 -0.006087 0.749064 -1.982807 0.050370 0.998066 -0.036437 59.936478 -0.747394 0.061869 0.661494 1.293239 0.000000 0.000000 0.000000 1.000000
0.675924 -0.011364 0.736884 -2.142824 0.049434 0.998328 -0.029948 59.988728 -0.735312 0.056670 0.675356 1.335079 0.000000 0.000000 0.000000 1.000000
0.690854 -0.016077 0.722816 -2.305226 0.048737 0.998514 -0.024373 60.044487 -0.721350 0.052066 0.690611 1.371250 0.000000 0.000000 0.000000 1.000000
0.706516 -0.020050 0.707413 -2.469291 0.048466 0.998623 -0.020101 60.098080 -0.706035 0.048487 0.706515 1.398012 0.000000 0.000000 0.000000 1.000000
0.722370 -0.022865 0.691129 -2.634819 0.048310 0.998680 -0.017454 60.150364 -0.689818 0.045997 0.722521 1.412522 0.000000 0.000000 0.000000 1.000000
0.738567 -0.024532 0.673734 -2.801194 0.047946 0.998719 -0.016195 60.203949 -0.672473 0.044264 0.738797 1.416609 0.000000 0.000000 0.000000 1.000000
0.755737 -0.025135 0.654393 -2.964110 0.047077 0.998763 -0.016006 60.261230 -0.653181 0.042903 0.755986 1.416127 0.000000 0.000000 0.000000 1.000000
0.774222 -0.024684 0.632433 -3.116652 0.045544 0.998822 -0.016770 60.321503 -0.631274 0.041788 0.774434 1.412348 0.000000 0.000000 0.000000 1.000000
0.793908 -0.023200 0.607595 -3.255973 0.043329 0.998890 -0.018474 60.385715 -0.606492 0.040993 0.794032 1.402700 0.000000 0.000000 0.000000 1.000000
0.814785 -0.020615 0.579397 -3.384964 0.040455 0.998953 -0.021348 60.452126 -0.578350 0.040833 0.814766 1.383615 0.000000 0.000000 0.000000 1.000000
0.836897 -0.016836 0.547102 -3.503357 0.036841 0.998993 -0.025614 60.514912 -0.546119 0.041593 0.836674 1.348105 0.000000 0.000000 0.000000 1.000000
0.859856 -0.012155 0.510391 -3.603979 0.032618 0.998982 -0.031162 60.569656 -0.509493 0.043443 0.859377 1.286724 0.000000 0.000000 0.000000 1.000000
0.882786 -0.007005 0.469724 -3.681240 0.028154 0.998880 -0.038016 60.615219 -0.468932 0.046785 0.881995 1.194529 0.000000 0.000000 0.000000 1.000000
0.904870 -0.001426 0.425685 -3.737291 0.023523 0.998634 -0.046657 60.648796 -0.425037 0.052232 0.903668 1.071967 0.000000 0.000000 0.000000 1.000000
0.925751 0.004618 0.378107 -3.781806 0.018486 0.998177 -0.057451 60.674610 -0.377683 0.060175 0.923978 0.922409 0.000000 0.000000 0.000000 1.000000
0.945290 0.010782 0.326052 -3.816208 0.012799 0.997458 -0.070092 60.704853 -0.325979 0.070430 0.942750 0.752731 0.000000 0.000000 0.000000 1.000000
0.963224 0.016603 0.268187 -3.831804 0.006113 0.996477 -0.083646 60.742279 -0.268631 0.082209 0.959729 0.575841 0.000000 0.000000 0.000000 1.000000
0.978819 0.021882 0.203552 -3.825329 -0.002061 0.995274 -0.097083 60.786880 -0.204715 0.094607 0.974239 0.406859 0.000000 0.000000 0.000000 1.000000
0.990851 0.026080 0.132417 -3.793991 -0.011513 0.993909 -0.109605 60.833157 -0.134468 0.107077 0.985116 0.253762 0.000000 0.000000 0.000000 1.000000
0.998027 0.028044 0.056182 -3.728326 -0.021102 0.992483 -0.120548 60.878990 -0.059140 0.119125 0.991116 0.117679 0.000000 0.000000 0.000000 1.000000
0.999351 0.026740 -0.024149 -3.614950 -0.029651 0.991125 -0.129587 60.923878 0.020469 0.130219 0.991274 -0.000408 0.000000 0.000000 0.000000 1.000000
0.993806 0.022016 -0.108928 -3.452918 -0.036961 0.989861 -0.137144 60.963188 0.104804 0.140320 0.984544 -0.099703 0.000000 0.000000 0.000000 1.000000
0.980161 0.014131 -0.197696 -3.256704 -0.043341 0.988596 -0.144219 60.991302 0.193404 0.149926 0.969596 -0.187893 0.000000 0.000000 0.000000 1.000000
0.957833 0.003069 -0.287309 -3.043075 -0.048585 0.987273 -0.151429 61.005836 0.283188 0.159003 0.945792 -0.277193 0.000000 0.000000 0.000000 1.000000
0.927573 -0.011037 -0.373479 -2.819213 -0.052247 0.985912 -0.158896 61.006680 0.369971 0.166901 0.913929 -0.372019 0.000000 0.000000 0.000000 1.000000
0.893406 -0.026434 -0.448472 -2.571423 -0.054683 0.984446 -0.166962 60.998539 0.445910 0.173688 0.878064 -0.455205 0.000000 0.000000 0.000000 1.000000
0.855441 -0.043743 -0.516049 -2.309794 -0.055383 0.982987 -0.175129 60.983685 0.514930 0.178393 0.838465 -0.515146 0.000000 0.000000 0.000000 1.000000
0.814752 -0.062381 -0.576444 -2.048763 -0.054667 0.981502 -0.183483 60.953289 0.577226 0.181005 0.796271 -0.548850 0.000000 0.000000 0.000000 1.000000
0.772374 -0.081951 -0.629859 -1.797670 -0.052807 0.979923 -0.192254 60.909405 0.632969 0.181753 0.752540 -0.556100 0.000000 0.000000 0.000000 1.000000
0.729520 -0.102258 -0.676272 -1.562399 -0.049435 0.978291 -0.201253 60.858719 0.682171 0.180249 0.708628 -0.538814 0.000000 0.000000 0.000000 1.000000
0.686543 -0.123040 -0.716603 -1.346837 -0.044148 0.976705 -0.209995 60.805969 0.725748 0.175807 0.665118 -0.496516 0.000000 0.000000 0.000000 1.000000
0.642410 -0.143869 -0.752736 -1.158467 -0.037461 0.975151 -0.218349 60.750645 0.765445 0.168468 0.621058 -0.431165 0.000000 0.000000 0.000000 1.000000
0.595949 -0.164327 -0.786029 -1.004630 -0.030561 0.973488 -0.226688 60.692829 0.802441 0.159116 0.575127 -0.343417 0.000000 0.000000 0.000000 1.000000
0.546793 -0.184150 -0.816765 -0.893430 -0.024096 0.971648 -0.235201 60.637356 0.836921 0.148287 0.526854 -0.234311 0.000000 0.000000 0.000000 1.000000
0.494983 -0.203216 -0.844805 -0.833286 -0.017746 0.969699 -0.243657 60.576797 0.868721 0.135598 0.476378 -0.113073 0.000000 0.000000 0.000000 1.000000
0.440851 -0.221144 -0.869912 -0.824584 -0.011617 0.967687 -0.251887 60.512352 0.897505 0.121150 0.424036 0.011049 0.000000 0.000000 0.000000 1.000000
0.385310 -0.237658 -0.891659 -0.862162 -0.005936 0.965608 -0.259934 60.450760 0.922768 0.105448 0.370647 0.140755 0.000000 0.000000 0.000000 1.000000
0.329829 -0.252461 -0.909657 -0.943006 -0.000564 0.963526 -0.267616 60.396305 0.944040 0.088781 0.317656 0.280451 0.000000 0.000000 0.000000 1.000000
0.276405 -0.265030 -0.923775 -1.067533 0.004431 0.961564 -0.274546 60.351669 0.961031 0.071793 0.266955 0.421501 0.000000 0.000000 0.000000 1.000000
0.226573 -0.275194 -0.934309 -1.236050 0.008596 0.959783 -0.280613 60.319748 0.973956 0.055548 0.219827 0.548796 0.000000 0.000000 0.000000 1.000000
0.180666 -0.283651 -0.941755 -1.443846 0.012009 0.958076 -0.286263 60.295555 0.983471 0.040408 0.176498 0.655160 0.000000 0.000000 0.000000 1.000000
0.138819 -0.291316 -0.946501 -1.678558 0.015145 0.956268 -0.292101 60.276367 0.990202 0.026214 0.137160 0.743791 0.000000 0.000000 0.000000 1.000000
0.101715 -0.298238 -0.949057 -1.930697 0.018092 0.954401 -0.297978 60.267860 0.994649 0.013138 0.102472 0.818619 0.000000 0.000000 0.000000 1.000000
0.069895 -0.303843 -0.950155 -2.195432 0.020748 0.952721 -0.303138 60.269257 0.997339 0.001474 0.072895 0.878632 0.000000 0.000000 0.000000 1.000000
0.043007 -0.307903 -0.950445 -2.464453 0.022825 0.951380 -0.307173 60.278244 0.998814 -0.008483 0.047944 0.924060 0.000000 0.000000 0.000000 1.000000
0.020194 -0.310739 -0.950281 -2.724767 0.024005 0.950351 -0.310252 60.287865 0.999508 -0.016546 0.026651 0.958603 0.000000 0.000000 0.000000 1.000000
0.000889 -0.312879 -0.949793 -2.967358 0.024468 0.949516 -0.312764 60.295883 0.999700 -0.022962 0.008499 0.983931 0.000000 0.000000 0.000000 1.000000
-0.015090 -0.314758 -0.949052 -3.188664 0.024798 0.948750 -0.315052 60.308617 0.999579 -0.028288 -0.006511 0.999520 0.000000 0.000000 0.000000 1.000000
-0.027656 -0.316675 -0.948131 -3.384890 0.025453 0.947963 -0.317361 60.323227 0.999293 -0.032910 -0.018157 1.009252 0.000000 0.000000 0.000000 1.000000
-0.037012 -0.318551 -0.947183 -3.555080 0.026890 0.947172 -0.319598 60.335205 0.998953 -0.037298 -0.026491 1.016236 0.000000 0.000000 0.000000 1.000000
-0.044166 -0.320042 -0.946373 -3.699264 0.029179 0.946480 -0.321440 60.344238 0.998598 -0.041810 -0.032464 1.023535 0.000000 0.000000 0.000000 1.000000
-0.050503 -0.321116 -0.945692 -3.816272 0.031699 0.945908 -0.322882 60.349411 0.998221 -0.046284 -0.037592 1.031945 0.000000 0.000000 0.000000 1.000000
-0.056190 -0.322063 -0.945049 -3.905227 0.033784 0.945390 -0.324187 60.349686 0.997848 -0.050143 -0.042241 1.039253 0.000000 0.000000 0.000000 1.000000
-0.059913 -0.322939 -0.944522 -3.968134 0.035759 0.944920 -0.325343 60.347332 0.997563 -0.053267 -0.045065 1.045643 0.000000 0.000000 0.000000 1.000000
-0.060964 -0.323443 -0.944282 -4.011415 0.038156 0.944595 -0.326014 60.344597 0.997410 -0.055905 -0.045245 1.052596 0.000000 0.000000 0.000000 1.000000
-0.059872 -0.323320 -0.944394 -4.039130 0.040955 0.944499 -0.325952 60.341019 0.997366 -0.058193 -0.043307 1.059601 0.000000 0.000000 0.000000 1.000000
-0.057154 -0.322629 -0.944799 -4.052537 0.043776 0.944625 -0.325218 60.339699 0.997405 -0.059947 -0.039865 1.065472 0.000000 0.000000 0.000000 1.000000
-0.052968 -0.321632 -0.945382 -4.054526 0.046344 0.944899 -0.324064 60.340759 0.997520 -0.060978 -0.035143 1.069047 0.000000 0.000000 0.000000 1.000000
-0.047579 -0.320461 -0.946066 -4.049817 0.048700 0.945268 -0.322639 60.344009 0.997680 -0.061425 -0.029368 1.072025 0.000000 0.000000 0.000000 1.000000
-0.041577 -0.318993 -0.946845 -4.040168 0.051067 0.945747 -0.320866 60.348618 0.997829 -0.061693 -0.023032 1.076741 0.000000 0.000000 0.000000 1.000000
-0.035536 -0.317204 -0.947691 -4.024713 0.053571 0.946322 -0.318754 60.353043 0.997932 -0.062096 -0.016636 1.081602 0.000000 0.000000 0.000000 1.000000
-0.029303 -0.315432 -0.948496 -3.997611 0.056133 0.946887 -0.316631 60.355808 0.997993 -0.062520 -0.010041 1.082519 0.000000 0.000000 0.000000 1.000000
-0.022238 -0.314032 -0.949152 -3.951497 0.058434 0.947355 -0.314807 60.357658 0.998044 -0.062464 -0.002717 1.076899 0.000000 0.000000 0.000000 1.000000
-0.014275 -0.313058 -0.949627 -3.886102 0.060163 0.947734 -0.313338 60.365414 0.998086 -0.061605 0.005306 1.063481 0.000000 0.000000 0.000000 1.000000
-0.005644 -0.312509 -0.949898 -3.809166 0.060846 0.948046 -0.312261 60.374851 0.998131 -0.059560 0.013664 1.041799 0.000000 0.000000 0.000000 1.000000
0.003847 -0.312601 -0.949877 -3.731681 0.060612 0.948210 -0.311807 60.385601 0.998154 -0.056375 0.022595 1.012071 0.000000 0.000000 0.000000 1.000000
0.014715 -0.313499 -0.949475 -3.659924 0.059930 0.948147 -0.312131 60.399220 0.998094 -0.052309 0.032740 0.974557 0.000000 0.000000 0.000000 1.000000
0.026355 -0.314581 -0.948865 -3.590029 0.058981 0.948030 -0.312666 60.411858 0.997911 -0.047725 0.043540 0.933982 0.000000 0.000000 0.000000 1.000000
0.036895 -0.315230 -0.948298 -3.519914 0.057667 0.948034 -0.312899 60.423145 0.997654 -0.043141 0.053156 0.896325 0.000000 0.000000 0.000000 1.000000
0.045613 -0.314266 -0.948239 -3.448442 0.055893 0.948542 -0.311678 60.436279 0.997394 -0.038783 0.060831 0.865491 0.000000 0.000000 0.000000 1.000000
0.053486 -0.313154 -0.948195 -3.383824 0.053856 0.949077 -0.310407 60.445614 0.997115 -0.034464 0.067628 0.842396 0.000000 0.000000 0.000000 1.000000
0.060966 -0.311923 -0.948149 -3.329571 0.051749 0.949627 -0.309081 60.455009 0.996797 -0.030223 0.074037 0.825655 0.000000 0.000000 0.000000 1.000000
0.067642 -0.310347 -0.948214 -3.282490 0.049461 0.950265 -0.307490 60.462597 0.996483 -0.026100 0.079628 0.817243 0.000000 0.000000 0.000000 1.000000
0.072902 -0.308210 -0.948521 -3.244229 0.046963 0.951058 -0.305424 60.469692 0.996233 -0.022279 0.083808 0.817021 0.000000 0.000000 0.000000 1.000000
0.076554 -0.305566 -0.949088 -3.214634 0.044164 0.951987 -0.302937 60.477745 0.996087 -0.018725 0.086374 0.824552 0.000000 0.000000 0.000000 1.000000
0.078904 -0.302647 -0.949831 -3.193454 0.041107 0.952979 -0.300235 60.486874 0.996034 -0.015355 0.087635 0.837814 0.000000 0.000000 0.000000 1.000000
0.080294 -0.299633 -0.950670 -3.178273 0.037921 0.953977 -0.297473 60.496449 0.996050 -0.012165 0.087961 0.854319 0.000000 0.000000 0.000000 1.000000
0.080888 -0.296606 -0.951568 -3.166991 0.034795 0.954955 -0.294704 60.504681 0.996116 -0.009272 0.087564 0.871677 0.000000 0.000000 0.000000 1.000000
0.080771 -0.293625 -0.952502 -3.159579 0.031902 0.955897 -0.291966 60.513031 0.996222 -0.006805 0.086576 0.889234 0.000000 0.000000 0.000000 1.000000
0.080010 -0.290746 -0.953449 -3.154888 0.029251 0.956788 -0.289310 60.518730 0.996365 -0.004741 0.085057 0.908579 0.000000 0.000000 0.000000 1.000000
0.078545 -0.287963 -0.954415 -3.153712 0.026723 0.957637 -0.286736 60.522095 0.996552 -0.002983 0.082913 0.928560 0.000000 0.000000 0.000000 1.000000
0.076326 -0.285155 -0.955438 -3.157653 0.024173 0.958480 -0.284132 60.522247 0.996790 -0.001409 0.080050 0.946685 0.000000 0.000000 0.000000 1.000000
0.073526 -0.282119 -0.956558 -3.170723 0.021623 0.959380 -0.281289 60.521492 0.997059 -0.000002 0.076640 0.962488 0.000000 0.000000 0.000000 1.000000
0.070447 -0.278740 -0.957779 -3.194047 0.019157 0.960366 -0.278083 60.521214 0.997332 0.001242 0.072995 0.978730 0.000000 0.000000 0.000000 1.000000
0.067341 -0.275145 -0.959041 -3.225878 0.016831 0.961400 -0.274640 60.524590 0.997588 0.002353 0.069372 0.997840 0.000000 0.000000 0.000000 1.000000
0.064577 -0.271584 -0.960246 -3.262512 0.014881 0.962409 -0.271195 60.532001 0.997802 0.003224 0.066190 1.020264 0.000000 0.000000 0.000000 1.000000
0.062716 -0.268141 -0.961336 -3.297733 0.013542 0.963372 -0.267825 60.542641 0.997940 0.003779 0.064050 1.047395 0.000000 0.000000 0.000000 1.000000
0.062178 -0.264695 -0.962326 -3.328515 0.012968 0.964324 -0.264407 60.555477 0.997981 0.003961 0.063393 1.078128 0.000000 0.000000 0.000000 1.000000
0.063151 -0.261221 -0.963211 -3.354139 0.012954 0.965271 -0.260930 60.571880 0.997920 0.004000 0.064342 1.111243 0.000000 0.000000 0.000000 1.000000
0.065717 -0.257957 -0.963919 -3.376479 0.013296 0.966148 -0.257647 60.590012 0.997750 0.004115 0.066922 1.145726 0.000000 0.000000 0.000000 1.000000
0.069907 -0.255177 -0.964364 -3.397666 0.013997 0.966885 -0.254830 60.608356 0.997455 0.004316 0.071164 1.176767 0.000000 0.000000 0.000000 1.000000
0.075661 -0.252933 -0.964521 -3.424380 0.014978 0.967473 -0.252532 60.628288 0.997021 0.004660 0.076988 1.195082 0.000000 0.000000 0.000000 1.000000
0.083236 -0.251004 -0.964401 -3.458879 0.016081 0.967971 -0.250545 60.651165 0.996400 0.005345 0.084607 1.199444 0.000000 0.000000 0.000000 1.000000
0.092854 -0.249173 -0.963997 -3.498966 0.017255 0.968437 -0.248659 60.679062 0.995530 0.006455 0.094223 1.189160 0.000000 0.000000 0.000000 1.000000
0.104384 -0.247515 -0.963245 -3.540404 0.018534 0.968852 -0.246948 60.711250 0.994364 0.007925 0.105720 1.163167 0.000000 0.000000 0.000000 1.000000
0.117468 -0.246197 -0.962075 -3.582811 0.020071 0.969173 -0.245562 60.746559 0.992874 0.009536 0.118788 1.120479 0.000000 0.000000 0.000000 1.000000
0.132272 -0.244331 -0.960628 -3.624906 0.021562 0.969624 -0.243650 60.785252 0.990979 0.011515 0.133522 1.062765 0.000000 0.000000 0.000000 1.000000
0.149185 -0.242318 -0.958658 -3.662147 0.023142 0.970098 -0.241608 60.825920 0.988538 0.013859 0.150332 0.990843 0.000000 0.000000 0.000000 1.000000
0.168166 -0.240993 -0.955847 -3.686889 0.025029 0.970387 -0.240255 60.866219 0.985441 0.016479 0.169218 0.905708 0.000000 0.000000 0.000000 1.000000
0.189601 -0.240602 -0.951925 -3.697112 0.027343 0.970429 -0.239833 60.905704 0.981480 0.019444 0.190573 0.809315 0.000000 0.000000 0.000000 1.000000
0.214977 -0.240417 -0.946565 -3.695274 0.030043 0.970395 -0.239646 60.948338 0.976157 0.023081 0.215835 0.702989 0.000000 0.000000 0.000000 1.000000
0.245119 -0.240290 -0.939243 -3.685582 0.033530 0.970320 -0.239490 60.995403 0.968913 0.027211 0.245901 0.585243 0.000000 0.000000 0.000000 1.000000
0.278665 -0.239931 -0.929935 -3.669103 0.037608 0.970274 -0.239069 61.046860 0.959652 0.031647 0.279404 0.455601 0.000000 0.000000 0.000000 1.000000
0.313117 -0.239203 -0.919097 -3.649019 0.042155 0.970308 -0.238170 61.100742 0.948779 0.035830 0.313903 0.314018 0.000000 0.000000 0.000000 1.000000
0.347500 -0.238470 -0.906849 -3.630163 0.045946 0.970289 -0.237546 61.153107 0.936554 0.040881 0.348132 0.162477 0.000000 0.000000 0.000000 1.000000
0.381888 -0.237248 -0.893238 -3.613674 0.049313 0.970344 -0.236645 61.207695 0.922892 0.046324 0.382262 -0.003075 0.000000 0.000000 0.000000 1.000000
0.416682 -0.235661 -0.877975 -3.597064 0.053001 0.970468 -0.235333 61.264206 0.907506 0.051526 0.416867 -0.182667 0.000000 0.000000 0.000000 1.000000
0.452081 -0.234046 -0.860724 -3.575203 0.056929 0.970565 -0.234013 61.321285 0.890158 0.056792 0.452099 -0.370772 0.000000 0.000000 0.000000 1.000000
0.486830 -0.232276 -0.842047 -3.542059 0.060087 0.970618 -0.233003 61.369873 0.871427 0.062837 0.486483 -0.562081 0.000000 0.000000 0.000000 1.000000
0.518658 -0.229755 -0.823533 -3.500573 0.062221 0.970806 -0.231656 61.411438 0.852715 0.068909 0.517811 -0.762370 0.000000 0.000000 0.000000 1.000000
0.548100 -0.226044 -0.805289 -3.458416 0.062746 0.971188 -0.229905 61.451973 0.834056 0.075483 0.546492 -0.966287 0.000000 0.000000 0.000000 1.000000
0.577575 -0.221144 -0.785813 -3.415145 0.062552 0.971767 -0.227499 61.495113 0.813938 0.082243 0.575101 -1.158994 0.000000 0.000000 0.000000 1.000000
0.607411 -0.215189 -0.764687 -3.364562 0.062808 0.972607 -0.223809 61.542427 0.791901 0.087915 0.604287 -1.333946 0.000000 0.000000 0.000000 1.000000
0.635918 -0.208330 -0.743106 -3.301800 0.061999 0.973555 -0.219879 61.591560 0.769262 0.093753 0.632017 -1.492924 0.000000 0.000000 0.000000 1.000000
0.661415 -0.200942 -0.722601 -3.227562 0.060331 0.974575 -0.215788 61.639980 0.747590 0.099130 0.656721 -1.648402 0.000000 0.000000 0.000000 1.000000
