<?xml version="1.0" encoding="utf-8"?>
<COLLADA xmlns="http://www.collada.org/2005/11/COLLADASchema" version="1.4.1">
  <asset>
    <contributor>
      <author>Mixamo</author>
      <authoring_tool>COLLADA Mixamo exporter</authoring_tool>
      <comments/>
    </contributor>
    <created>2024-05-08T07:28:51Z</created>
    <modified>2024-05-08T07:28:51Z</modified>
    <revision/>
    <title/>
    <unit meter="0.010000"/>
    <up_axis>Y_UP</up_axis>
  </asset>
  <library_animations>
    <animation id="mixamorig_Hips-anim" name="mixamorig_Hips">
      <source id="mixamorig_Hips-Matrix-animation-input">
        <float_array id="mixamorig_Hips-Matrix-animation-input-array" count="103">

0.000000 0.033333 0.066667 0.100000 0.133333 0.166667 0.200000 0.233333 0.266667 0.300000 0.333333 0.366667 0.400000 0.433333 0.466667 0.500000
0.533333 0.566667 0.600000 0.633333 0.666667 0.700000 0.733333 0.766667 0.800000 0.833333 0.866667 0.900000 0.933333 0.966667 1.000000 1.033333
1.066667 1.100000 1.133333 1.166667 1.200000 1.233333 1.266667 1.300000 1.333333 1.366667 1.400000 1.433333 1.466667 1.500000 1.533333 1.566667
1.600000 1.633333 1.666667 1.700000 1.733333 1.766667 1.800000 1.833333 1.866667 1.900000 1.933333 1.966667 2.000000 2.033333 2.066667 2.100000
2.133333 2.166667 2.200000 2.233333 2.266667 2.300000 2.333333 2.366667 2.400000 2.433333 2.466667 2.500000 2.533333 2.566667 2.600000 2.633333
2.666667 2.700000 2.733333 2.766667 2.800000 2.833333 2.866667 2.900000 2.933333 2.966667 3.000000 3.033333 3.066667 3.100000 3.133333 3.166667
3.200000 3.233333 3.266667 3.300000 3.333333 3.366667 3.400000</float_array>
        <technique_common>
          <accessor source="#mixamorig_Hips-Matrix-animation-input-array" count="103">
            <param name="TIME" type="float"/>
          </accessor>
        </technique_common>
      </source>
      <source id="mixamorig_Hips-Matrix-animation-output-transform">
        <float_array id="mixamorig_Hips-Matrix-animation-output-transform-array" count="1648">

0.998361 -0.001120 -0.057211 -0.029567 -0.016067 0.954105 -0.299041 78.052841 0.054921 0.299470 0.952524 0.902544 0.000000 0.000000 0.000000 1.000000
0.999004 -0.002776 -0.044532 1.128847 -0.011954 0.944921 -0.327080 77.292732 0.042987 0.327286 0.943947 1.806456 0.000000 0.000000 0.000000 1.000000
0.999547 -0.009892 -0.028415 2.526500 -0.000784 0.935526 -0.353256 76.827255 0.030078 0.353118 0.935095 2.977547 0.000000 0.000000 0.000000 1.000000
0.999806 -0.018170 -0.007652 4.055766 0.014031 0.928388 -0.371346 76.885216 0.013851 0.371167 0.928463 4.373700 0.000000 0.000000 0.000000 1.000000
0.999804 -0.019002 0.005609 5.654828 0.019718 0.926616 -0.375491 77.422295 0.001938 0.375528 0.926809 6.024258 0.000000 0.000000 0.000000 1.000000
0.999885 -0.009122 0.012155 7.445521 0.013075 0.924062 -0.382019 78.377899 -0.007747 0.382134 0.924075 7.805681 0.000000 0.000000 0.000000 1.000000
0.999781 -0.005174 0.020298 9.123774 0.012468 0.925652 -0.378170 79.346680 -0.016832 0.378340 0.925514 9.472325 0.000000 0.000000 0.000000 1.000000
0.999929 -0.002531 0.011635 10.811738 0.006817 0.922846 -0.385108 80.343269 -0.009762 0.385161 0.922798 10.964560 0.000000 0.000000 0.000000 1.000000
0.999909 -0.002428 0.013268 12.333732 0.007481 0.918350 -0.395699 80.992378 -0.011224 0.395762 0.918285 12.155016 0.000000 0.000000 0.000000 1.000000
0.999549 -0.000016 0.030035 13.816052 0.012568 0.908478 -0.417745 80.976601 -0.027279 0.417934 0.908068 13.206692 0.000000 0.000000 0.000000 1.000000
0.998458 -0.001403 0.055494 15.246964 0.025237 0.901876 -0.431258 80.281441 -0.049444 0.431993 0.900520 14.357450 0.000000 0.000000 0.000000 1.000000
0.996812 -0.013903 0.078560 16.464577 0.046701 0.900046 -0.433285 78.644829 -0.064683 0.435573 0.897827 15.452265 0.000000 0.000000 0.000000 1.000000
0.995728 -0.026238 0.088534 17.494270 0.062440 0.897671 -0.436221 76.413124 -0.068029 0.439885 0.895474 16.654171 0.000000 0.000000 0.000000 1.000000
0.995553 -0.023458 0.091233 18.798094 0.063368 0.883390 -0.464335 74.066536 -0.069702 0.468052 0.880948 18.132366 0.000000 0.000000 0.000000 1.000000
0.998816 0.008615 0.047889 20.531651 0.014350 0.888279 -0.459079 72.206764 -0.046494 0.459223 0.887104 19.578493 0.000000 0.000000 0.000000 1.000000
0.998961 0.033922 0.030434 22.852896 -0.016467 0.891358 -0.453002 70.819099 -0.042494 0.452030 0.890990 21.937107 0.000000 0.000000 0.000000 1.000000
0.996604 0.074252 0.035600 25.762339 -0.047953 0.874778 -0.482145 70.408455 -0.066943 0.478801 0.875368 25.600851 0.000000 0.000000 0.000000 1.000000
0.988961 0.142726 0.039816 29.594151 -0.102300 0.852055 -0.513358 70.554565 -0.107195 0.503618 0.857250 30.785633 0.000000 0.000000 0.000000 1.000000
0.977579 0.210050 0.014784 33.687847 -0.168812 0.823748 -0.541241 69.779205 -0.125866 0.526610 0.840738 36.587608 0.000000 0.000000 0.000000 1.000000
0.949954 0.311449 -0.024228 37.717735 -0.273570 0.791955 -0.545863 69.665047 -0.150821 0.525173 0.837524 41.094379 0.000000 0.000000 0.000000 1.000000
0.922531 0.381626 -0.057422 43.081516 -0.347370 0.756307 -0.554376 70.977203 -0.168136 0.531376 0.830283 46.077965 0.000000 0.000000 0.000000 1.000000
0.882909 0.464986 -0.065261 48.149391 -0.423954 0.729706 -0.536462 72.270226 -0.201826 0.501315 0.841397 50.609806 0.000000 0.000000 0.000000 1.000000
0.836880 0.540946 -0.083725 53.593983 -0.497993 0.688909 -0.526695 74.136116 -0.227235 0.482474 0.845921 55.626003 0.000000 0.000000 0.000000 1.000000
0.781738 0.612467 -0.117344 59.507828 -0.579666 0.644290 -0.498877 76.588882 -0.229943 0.458012 0.858692 61.140945 0.000000 0.000000 0.000000 1.000000
0.720369 0.678520 -0.143805 65.488304 -0.648217 0.584854 -0.487607 78.953796 -0.246746 0.444474 0.861139 66.443443 0.000000 0.000000 0.000000 1.000000
0.669794 0.718831 -0.186166 70.895424 -0.690284 0.510369 -0.512867 80.106743 -0.273651 0.472022 0.838039 71.518639 0.000000 0.000000 0.000000 1.000000
0.633204 0.743497 -0.215093 77.570122 -0.709870 0.447127 -0.544207 82.107368 -0.308443 0.497282 0.810909 76.553177 0.000000 0.000000 0.000000 1.000000
0.614794 0.754125 -0.230922 84.580650 -0.706452 0.396381 -0.586351 83.833443 -0.350648 0.523620 0.776445 81.227150 0.000000 0.000000 0.000000 1.000000
0.582605 0.772328 -0.253144 92.034660 -0.718608 0.343985 -0.604381 85.494156 -0.379702 0.534026 0.755409 85.133240 0.000000 0.000000 0.000000 1.000000
0.529963 0.796079 -0.292228 98.714149 -0.746391 0.274304 -0.606348 84.736000 -0.402542 0.539458 0.739558 89.101425 0.000000 0.000000 0.000000 1.000000
0.472033 0.822683 -0.316823 105.654961 -0.763973 0.202396 -0.612684 82.813545 -0.439921 0.531251 0.724046 93.767891 0.000000 0.000000 0.000000 1.000000
0.423409 0.845001 -0.326646 111.598923 -0.748309 0.122978 -0.651851 79.754379 -0.510644 0.520432 0.684392 97.616028 0.000000 0.000000 0.000000 1.000000
0.391661 0.848123 -0.356777 118.697166 -0.745996 0.065723 -0.662699 76.853790 -0.538601 0.525708 0.658438 102.145584 0.000000 0.000000 0.000000 1.000000
0.386823 0.838145 -0.384552 125.882309 -0.718848 0.012867 -0.695048 73.377861 -0.577604 0.545295 0.607476 106.238220 0.000000 0.000000 0.000000 1.000000
0.391089 0.827891 -0.402052 132.755951 -0.679135 -0.035233 -0.733167 69.131706 -0.621148 0.559781 0.548471 109.566902 0.000000 0.000000 0.000000 1.000000
0.385306 0.816267 -0.430405 141.093903 -0.653589 -0.087861 -0.751733 64.166557 -0.651430 0.570955 0.499649 113.433105 0.000000 0.000000 0.000000 1.000000
0.378083 0.802183 -0.462121 149.864746 -0.658009 -0.118277 -0.743663 58.676521 -0.651212 0.585246 0.483125 117.548302 0.000000 0.000000 0.000000 1.000000
0.350135 0.786408 -0.508889 158.354721 -0.689131 -0.151701 -0.708579 52.691868 -0.634432 0.598789 0.488823 121.103302 0.000000 0.000000 0.000000 1.000000
0.343642 0.760655 -0.550740 166.456604 -0.737247 -0.144749 -0.659935 45.677948 -0.581702 0.632813 0.511049 124.806068 0.000000 0.000000 0.000000 1.000000
0.287953 0.742000 -0.605409 175.120712 -0.786685 -0.177215 -0.591372 38.302212 -0.546085 0.646554 0.532691 127.846367 0.000000 0.000000 0.000000 1.000000
0.265787 0.704993 -0.657528 182.395828 -0.807417 -0.209868 -0.551392 31.945301 -0.526721 0.677452 0.513443 129.169815 0.000000 0.000000 0.000000 1.000000
0.208953 0.850190 -0.483235 190.370819 -0.915692 -0.003362 -0.401866 26.133694 -0.343287 0.526466 0.777809 130.793243 0.000000 0.000000 0.000000 1.000000
0.139455 0.907441 -0.396361 197.648697 -0.963430 0.031846 -0.266062 18.794085 -0.228813 0.418970 0.878697 132.479675 0.000000 0.000000 0.000000 1.000000
0.041294 0.884509 -0.464693 201.454041 -0.998540 0.020318 -0.050059 14.304987 -0.034837 0.466081 0.884056 136.215622 0.000000 0.000000 0.000000 1.000000
-0.093494 0.870757 -0.482744 206.616776 -0.991573 -0.037762 0.123926 15.482806 0.089680 0.490262 0.866949 138.573654 0.000000 0.000000 0.000000 1.000000
-0.008502 0.837463 -0.546427 210.209427 -0.996056 0.041173 0.078600 15.936436 0.088323 0.544940 0.833810 139.551193 0.000000 0.000000 0.000000 1.000000
-0.056693 0.870498 -0.488896 213.934494 -0.997423 -0.027819 0.066130 16.161297 0.043965 0.491385 0.869832 138.578232 0.000000 0.000000 0.000000 1.000000
-0.077226 0.875219 -0.477523 218.071182 -0.994752 -0.035396 0.095998 15.818430 0.067117 0.482430 0.873359 138.402145 0.000000 0.000000 0.000000 1.000000
-0.181977 0.863655 -0.470091 221.629135 -0.982570 -0.141261 0.120838 15.159303 0.037957 0.483887 0.874307 137.682144 0.000000 0.000000 0.000000 1.000000
-0.192078 0.862296 -0.468563 224.633286 -0.980909 -0.153906 0.118871 14.146448 0.030387 0.482450 0.875396 137.693741 0.000000 0.000000 0.000000 1.000000
-0.188437 0.874207 -0.447496 226.761200 -0.981513 -0.152090 0.116191 13.716181 0.033516 0.461118 0.886705 137.424423 0.000000 0.000000 0.000000 1.000000
-0.197026 0.885903 -0.419949 228.331299 -0.980143 -0.168209 0.105004 13.519262 0.022384 0.432298 0.901453 137.355484 0.000000 0.000000 0.000000 1.000000
-0.218909 0.896807 -0.384468 228.833130 -0.975580 -0.193914 0.103155 13.399921 0.017956 0.397661 0.917357 137.702362 0.000000 0.000000 0.000000 1.000000
-0.245624 0.905272 -0.346629 228.833618 -0.969212 -0.222997 0.104403 13.496750 0.017216 0.361601 0.932174 138.241852 0.000000 0.000000 0.000000 1.000000
-0.275892 0.907785 -0.315928 229.267990 -0.960980 -0.253663 0.110329 14.013565 0.020016 0.334039 0.942347 138.771317 0.000000 0.000000 0.000000 1.000000
-0.304293 0.905346 -0.296234 229.873001 -0.952296 -0.281538 0.117770 14.434473 0.023222 0.317939 0.947827 139.261230 0.000000 0.000000 0.000000 1.000000
-0.321162 0.907517 -0.270680 230.376801 -0.946335 -0.296637 0.128284 14.707760 0.036126 0.297354 0.954084 139.801727 0.000000 0.000000 0.000000 1.000000
-0.319629 0.917608 -0.236288 230.288910 -0.945727 -0.293510 0.139469 14.800849 0.058625 0.268043 0.961622 140.379196 0.000000 0.000000 0.000000 1.000000
-0.289296 0.933087 -0.213672 230.067688 -0.953800 -0.262076 0.146909 14.523029 0.081080 0.246301 0.965796 140.873230 0.000000 0.000000 0.000000 1.000000
-0.223804 0.952545 -0.206322 230.178894 -0.969163 -0.195105 0.150524 14.034741 0.103127 0.233648 0.966837 141.713287 0.000000 0.000000 0.000000 1.000000
-0.207880 0.954982 -0.211649 229.865112 -0.973023 -0.179758 0.144613 13.906819 0.100057 0.236001 0.966588 142.220932 0.000000 0.000000 0.000000 1.000000
-0.207240 0.944595 -0.254544 229.196152 -0.973871 -0.174494 0.145354 13.876865 0.092884 0.278016 0.956075 142.000580 0.000000 0.000000 0.000000 1.000000
-0.189456 0.929593 -0.316169 228.665573 -0.974884 -0.139689 0.173461 13.766840 0.117083 0.341092 0.932710 141.413589 0.000000 0.000000 0.000000 1.000000
-0.193903 0.902489 -0.384598 228.067642 -0.971562 -0.122353 0.202723 13.736520 0.135898 0.412969 0.900549 140.410614 0.000000 0.000000 0.000000 1.000000
-0.188395 0.870150 -0.455353 227.618607 -0.972445 -0.100449 0.210381 13.776306 0.137323 0.482441 0.865097 139.274841 0.000000 0.000000 0.000000 1.000000
-0.161721 0.836169 -0.524087 224.896744 -0.977958 -0.064717 0.198522 13.948930 0.132080 0.544640 0.828204 137.721542 0.000000 0.000000 0.000000 1.000000
-0.064851 0.798829 -0.598052 223.157806 -0.990356 0.022008 0.136787 14.059226 0.122431 0.601155 0.789698 137.300613 0.000000 0.000000 0.000000 1.000000
0.058315 0.741177 -0.668772 221.300735 -0.991983 0.118255 0.044560 14.061226 0.112113 0.660812 0.742131 137.287842 0.000000 0.000000 0.000000 1.000000
0.197401 0.673654 -0.712196 219.256531 -0.973323 0.221344 -0.060412 14.198751 0.116944 0.705122 0.699376 137.321609 0.000000 0.000000 0.000000 1.000000
0.349812 0.613894 -0.707648 217.463913 -0.926113 0.340490 -0.162426 14.746004 0.141235 0.712180 0.687642 137.221771 0.000000 0.000000 0.000000 1.000000
0.499428 0.570629 -0.651885 216.140686 -0.849375 0.470748 -0.238660 15.887646 0.170688 0.672888 0.719783 137.017105 0.000000 0.000000 0.000000 1.000000
0.639879 0.528914 -0.557499 213.704697 -0.747061 0.598202 -0.289922 17.422180 0.180153 0.602001 0.777908 137.010284 0.000000 0.000000 0.000000 1.000000
0.756209 0.477199 -0.447694 211.002777 -0.633817 0.704186 -0.319998 19.214420 0.162557 0.525741 0.834968 137.209290 0.000000 0.000000 0.000000 1.000000
0.835655 0.433963 -0.336685 208.147400 -0.537980 0.770256 -0.342468 21.077084 0.110715 0.467315 0.877131 137.292496 0.000000 0.000000 0.000000 1.000000
0.874441 0.427820 -0.228741 205.137924 -0.483702 0.805026 -0.343460 23.253460 0.037204 0.410978 0.910886 137.033096 0.000000 0.000000 0.000000 1.000000
0.910691 0.384665 -0.150578 202.031952 -0.413059 0.852209 -0.321127 26.295830 0.004797 0.354645 0.934989 137.012848 0.000000 0.000000 0.000000 1.000000
0.934922 0.343372 -0.089535 198.888351 -0.353337 0.877503 -0.324255 28.988152 -0.032773 0.334789 0.941723 137.106384 0.000000 0.000000 0.000000 1.000000
0.950819 0.308059 -0.032282 195.975067 -0.301325 0.895799 -0.326723 31.282200 -0.071732 0.320382 0.944569 137.252869 0.000000 0.000000 0.000000 1.000000
0.951257 0.308044 0.014812 193.258301 -0.290607 0.911417 -0.291318 33.045952 -0.103238 0.272813 0.956512 137.292343 0.000000 0.000000 0.000000 1.000000
0.948551 0.315622 0.025164 190.814194 -0.299237 0.919603 -0.254534 33.840706 -0.103478 0.233909 0.966736 137.826996 0.000000 0.000000 0.000000 1.000000
0.948089 0.316950 0.025863 188.889954 -0.308167 0.935791 -0.171257 34.879372 -0.078483 0.154396 0.984887 138.858627 0.000000 0.000000 0.000000 1.000000
0.959012 0.281876 -0.029009 187.157303 -0.283357 0.953219 -0.105273 36.687717 -0.002022 0.109178 0.994020 140.502899 0.000000 0.000000 0.000000 1.000000
0.958082 0.262425 -0.114946 185.749115 -0.269582 0.961591 -0.051648 39.709038 0.096977 0.080470 0.992028 142.466568 0.000000 0.000000 0.000000 1.000000
0.959090 0.217901 -0.180735 184.279617 -0.230751 0.971559 -0.053161 42.999260 0.164011 0.092691 0.982094 144.576416 0.000000 0.000000 0.000000 1.000000
0.959216 0.195503 -0.204163 183.032806 -0.207921 0.977284 -0.041042 46.241123 0.191501 0.081818 0.978076 145.590546 0.000000 0.000000 0.000000 1.000000
0.960542 0.187797 -0.205162 182.135925 -0.199287 0.979255 -0.036666 49.639580 0.194020 0.076106 0.978041 145.705414 0.000000 0.000000 0.000000 1.000000
0.968269 0.164901 -0.187783 181.023331 -0.179388 0.981769 -0.062849 53.417500 0.173996 0.094541 0.980198 145.568283 0.000000 0.000000 0.000000 1.000000
0.977247 0.134540 -0.163974 180.041290 -0.153228 0.982361 -0.107178 57.297089 0.146662 0.129865 0.980625 145.589539 0.000000 0.000000 0.000000 1.000000
0.983262 0.108343 -0.146487 179.259872 -0.127855 0.983090 -0.131097 60.520664 0.129807 0.147631 0.980487 145.617935 0.000000 0.000000 0.000000 1.000000
0.987461 0.088443 -0.130763 178.435318 -0.106808 0.984252 -0.140853 63.948715 0.116246 0.153054 0.981357 145.830887 0.000000 0.000000 0.000000 1.000000
0.991241 0.078848 -0.105945 177.829056 -0.093866 0.984940 -0.145197 67.556267 0.092901 0.153870 0.983714 146.343887 0.000000 0.000000 0.000000 1.000000
0.995393 0.069896 -0.065633 177.534409 -0.079282 0.984972 -0.153441 70.975060 0.053922 0.157937 0.985976 146.836868 0.000000 0.000000 0.000000 1.000000
0.997071 0.064090 -0.041732 177.494385 -0.070349 0.982635 -0.171697 73.781311 0.030003 0.174130 0.984266 147.218781 0.000000 0.000000 0.000000 1.000000
0.998178 0.051380 -0.031633 177.683945 -0.056700 0.978033 -0.200588 75.744728 0.020632 0.202016 0.979165 147.624893 0.000000 0.000000 0.000000 1.000000
0.998387 0.046939 -0.031947 177.832474 -0.052917 0.973179 -0.223881 76.721817 0.020581 0.225210 0.974093 148.088867 0.000000 0.000000 0.000000 1.000000
0.998272 0.044640 -0.038214 178.094910 -0.052487 0.969775 -0.238289 76.621033 0.026422 0.239883 0.970442 148.698120 0.000000 0.000000 0.000000 1.000000
0.997393 0.050843 -0.051204 178.509201 -0.062002 0.966849 -0.247706 75.904305 0.036912 0.250235 0.967481 149.246307 0.000000 0.000000 0.000000 1.000000
0.997715 0.048204 -0.047333 178.826828 -0.058853 0.964182 -0.258630 74.983444 0.033170 0.260825 0.964816 149.400146 0.000000 0.000000 0.000000 1.000000
0.998778 0.031179 -0.038351 179.098770 -0.040493 0.961110 -0.273180 74.459145 0.028342 0.274399 0.961198 149.438492 0.000000 0.000000 0.000000 1.000000
0.998336 0.025310 -0.051816 179.202347 -0.039237 0.956613 -0.288707 74.122292 0.042261 0.290260 0.956014 149.741013 0.000000 0.000000 0.000000 1.000000
0.997419 0.021258 -0.068578 179.310959 -0.040756 0.953995 -0.297039 74.115768 0.059109 0.299067 0.952400 149.956757 0.000000 0.000000 0.000000 1.000000
0.997415 0.018910 -0.069318 179.364731 -0.039213 0.951670 -0.304609 74.428116 0.060208 0.306540 0.949952 150.183136 0.000000 0.000000 0.000000 1.000000
0.997365 0.020088 -0.069716 179.345963 -0.041070 0.948442 -0.314278 74.937729 0.059808 0.316313 0.946768 150.538925 0.000000 0.000000 0.000000 1.000000</float_array>
        <technique_common>
          <accessor source="#mixamorig_Hips-Matrix-animation-output-transform-array" count="103" stride="16">
            <param type="float4x4"/>
          </accessor>
        </technique_common>
      </source>
      <source id="mixamorig_Hips-Interpolations">
        <Name_array id="mixamorig_Hips-Interpolations-array" count="103">
 LINEAR LINEAR LINEAR LINEAR LINEAR LINEAR LINEAR LINEAR LINEAR LINEAR LINEAR
LINEAR LINEAR LINEAR LINEAR LINEAR LINEAR LINEAR LINEAR LINEAR LINEAR LINEAR LINEAR
LINEAR LINEAR LINEAR LINEAR LINEAR LINEAR LINEAR LINEAR LINEAR LINEAR LINEAR LINEAR
LINEAR LINEAR LINEAR LINEAR LINEAR LINEAR LINEAR LINEAR LINEAR LINEAR LINEAR LINEAR
LINEAR LINEAR LINEAR LINEAR LINEAR LINEAR LINEAR LINEAR LINEAR LINEAR LINEAR LINEAR
LINEAR LINEAR LINEAR LINEAR LINEAR LINEAR LINEAR LINEAR LINEAR LINEAR LINEAR LINEAR
LINEAR LINEAR LINEAR LINEAR LINEAR LINEAR LINEAR LINEAR LINEAR LINEAR LINEAR LINEAR
LINEAR LINEAR LINEAR LINEAR LINEAR LINEAR LINEAR LINEAR LINEAR LINEAR LINEAR LINEAR
LINEAR LINEAR LINEAR LINEAR LINEAR LINEAR LINEAR LINEAR</Name_array>
        <technique_common>
          <accessor source="#mixamorig_Hips-Interpolations-array" count="103">
            <param type="name"/>
          </accessor>
        </technique_common>
      </source>
      <sampler id="mixamorig_Hips-Matrix-animation-transform">
        <input semantic="INPUT" source="#mixamorig_Hips-Matrix-animation-input"/>
        <input semantic="OUTPUT" source="#mixamorig_Hips-Matrix-animation-output-transform"/>
        <input semantic="INTERPOLATION" source="#mixamorig_Hips-Interpolations"/>
      </sampler>
      <channel source="#mixamorig_Hips-Matrix-animation-transform" target="mixamorig_Hips/matrix"/>
    </animation>
    <animation id="mixamorig_Spine-anim" name="mixamorig_Spine">
      <source id="mixamorig_Spine-Matrix-animation-input">
        <float_array id="mixamorig_Spine-Matrix-animation-input-array" count="103">

0.000000 0.033333 0.066667 0.100000 0.133333 0.166667 0.200000 0.233333 0.266667 0.300000 0.333333 0.366667 0.400000 0.433333 0.466667 0.500000
0.533333 0.566667 0.600000 0.633333 0.666667 0.700000 0.733333 0.766667 0.800000 0.833333 0.866667 0.900000 0.933333 0.966667 1.000000 1.033333
1.066667 1.100000 1.133333 1.166667 1.200000 1.233333 1.266667 1.300000 1.333333 1.366667 1.400000 1.433333 1.466667 1.500000 1.533333 1.566667
1.600000 1.633333 1.666667 1.700000 1.733333 1.766667 1.800000 1.833333 1.866667 1.900000 1.933333 1.966667 2.000000 2.033333 2.066667 2.100000
2.133333 2.166667 2.200000 2.233333 2.266667 2.300000 2.333333 2.366667 2.400000 2.433333 2.466667 2.500000 2.533333 2.566667 2.600000 2.633333
2.666667 2.700000 2.733333 2.766667 2.800000 2.833333 2.866667 2.900000 2.933333 2.966667 3.000000 3.033333 3.066667 3.100000 3.133333 3.166667
3.200000 3.233333 3.266667 3.300000 3.333333 3.366667 3.400000</float_array>
        <technique_common>
          <accessor source="#mixamorig_Spine-Matrix-animation-input-array" count="103">
            <param name="TIME" type="float"/>
          </accessor>
        </technique_common>
      </source>
      <source id="mixamorig_Spine-Matrix-animation-output-transform">
        <float_array id="mixamorig_Spine-Matrix-animation-output-transform-array" count="1648">

0.999606 -0.007898 -0.026921 0.000000 -0.000058 0.958975 -0.283490 7.722000 0.028056 0.283380 0.958597 1.166200 0.000000 0.000000 0.000000 1.000000
0.998812 -0.007000 -0.048221 -0.000000 -0.007135 0.957952 -0.286839 7.722000 0.048201 0.286843 0.956764 1.166200 0.000000 0.000000 0.000000 1.000000
0.997442 -0.004995 -0.071303 0.000000 -0.015871 0.957176 -0.289070 7.722000 0.069694 0.289463 0.954649 1.166200 0.000000 0.000000 0.000000 1.000000
0.995648 -0.004016 -0.093102 0.000000 -0.023699 0.955310 -0.294654 7.722000 0.090125 0.295578 0.951058 1.166200 0.000000 0.000000 0.000000 1.000000
0.994583 -0.008839 -0.103569 0.000000 -0.023061 0.952782 -0.302779 7.722000 0.101355 0.303528 0.947417 1.166200 0.000000 0.000000 0.000000 1.000000
0.993566 -0.027502 -0.109869 0.000000 -0.006967 0.953392 -0.301654 7.722000 0.113044 0.300479 0.947066 1.166200 0.000000 0.000000 0.000000 1.000000
0.991865 -0.040010 -0.120842 0.000000 0.000836 0.951348 -0.308118 7.722000 0.127291 0.305511 0.943642 1.166200 0.000000 0.000000 0.000000 1.000000
0.991999 -0.045300 -0.117838 -0.000000 0.006450 0.950371 -0.311051 7.722000 0.126080 0.307803 0.943060 1.166200 0.000000 0.000000 0.000000 1.000000
0.991437 -0.043542 -0.123115 0.000000 0.002146 0.948081 -0.318022 7.722000 0.130570 0.315034 0.940056 1.166200 0.000000 0.000000 0.000000 1.000000
0.990364 -0.044875 -0.131019 0.000000 0.000321 0.946787 -0.321860 7.722000 0.138490 0.318717 0.937678 1.166200 0.000000 0.000000 0.000000 1.000000
0.988933 -0.044695 -0.141470 0.000000 -0.005248 0.942407 -0.334427 7.722000 0.148269 0.331468 0.931743 1.166200 0.000000 0.000000 0.000000 1.000000
0.987941 -0.024930 -0.152808 -0.000000 -0.032628 0.931263 -0.362884 7.722000 0.151351 0.363494 0.919220 1.166200 0.000000 0.000000 0.000000 1.000000
0.988954 0.010272 -0.147865 0.000000 -0.068754 0.915571 -0.396236 7.722000 0.131310 0.402026 0.906164 1.166200 0.000000 0.000000 0.000000 1.000000
0.990738 0.036028 -0.130921 0.000000 -0.086780 0.909562 -0.406406 7.722000 0.104439 0.414003 0.904264 1.166200 0.000000 0.000000 0.000000 1.000000
0.994829 0.063943 -0.078911 -0.000000 -0.093355 0.881709 -0.462465 7.722000 0.040005 0.467441 0.883119 1.166200 0.000000 0.000000 0.000000 1.000000
0.993293 0.108129 -0.040950 -0.000000 -0.114349 0.866236 -0.486373 7.722000 -0.017119 0.487793 0.872791 1.166200 0.000000 0.000000 0.000000 1.000000
0.989636 0.140169 -0.031208 0.000000 -0.138912 0.879361 -0.455442 7.722000 -0.036395 0.455057 0.889718 1.166200 0.000000 0.000000 0.000000 1.000000
0.988291 0.150153 -0.027110 -0.000000 -0.148238 0.902794 -0.403718 7.722000 -0.036144 0.403010 0.914482 1.166200 0.000000 0.000000 0.000000 1.000000
0.984868 0.173304 0.000401 0.000000 -0.164294 0.934397 -0.316084 7.722000 -0.055153 0.311236 0.948731 1.166200 0.000000 0.000000 0.000000 1.000000
0.986650 0.158330 0.038116 -0.000000 -0.141055 0.947823 -0.285894 7.722000 -0.081393 0.276701 0.957503 1.166200 0.000000 0.000000 0.000000 1.000000
0.987722 0.153336 0.029891 0.000000 -0.139221 0.950769 -0.276867 7.722000 -0.070873 0.269306 0.960443 1.166200 0.000000 0.000000 0.000000 1.000000
0.993219 0.116221 0.002944 0.000000 -0.110617 0.952513 -0.283695 7.722000 -0.035775 0.281446 0.958910 1.166200 0.000000 0.000000 0.000000 1.000000
0.995840 0.088481 -0.021759 0.000000 -0.091077 0.959550 -0.266400 7.722000 -0.002693 0.267273 0.963617 1.166200 0.000000 0.000000 0.000000 1.000000
0.996940 0.070145 -0.034514 -0.000000 -0.076530 0.965810 -0.247698 7.722000 0.015960 0.249581 0.968222 1.166200 0.000000 0.000000 0.000000 1.000000
0.998892 0.033718 -0.032842 0.000000 -0.039977 0.976051 -0.213838 7.722000 0.024845 0.214914 0.976317 1.166200 0.000000 0.000000 0.000000 1.000000
0.999479 -0.005317 -0.031840 -0.000000 0.001115 0.991443 -0.130539 7.722000 0.032261 0.130436 0.990932 1.166200 0.000000 0.000000 0.000000 1.000000
0.999337 -0.012421 -0.034225 0.000000 0.008712 0.994278 -0.106469 7.722000 0.035351 0.106101 0.993727 1.166200 0.000000 0.000000 0.000000 1.000000
0.999547 0.001312 -0.030075 0.000000 -0.004323 0.994951 -0.100273 7.722000 0.029792 0.100357 0.994505 1.166200 0.000000 0.000000 0.000000 1.000000
0.999221 0.037667 -0.011766 0.000000 -0.039058 0.986569 -0.158607 7.722000 0.005633 0.158943 0.987272 1.166200 0.000000 0.000000 0.000000 1.000000
0.999153 0.024755 0.032859 0.000000 -0.019573 0.988555 -0.149588 7.722000 -0.036186 0.148819 0.988202 1.166200 0.000000 0.000000 0.000000 1.000000
0.997774 -0.002818 0.066620 0.000000 0.010833 0.992684 -0.120251 7.722000 -0.065794 0.120705 0.990506 1.166200 0.000000 0.000000 0.000000 1.000000
0.996951 -0.055703 0.054645 -0.000000 0.060094 0.994793 -0.082320 7.722000 -0.049775 0.085352 0.995107 1.166200 0.000000 0.000000 0.000000 1.000000
0.997112 -0.045971 0.060452 0.000000 0.050144 0.996327 -0.069415 7.722000 -0.057039 0.072245 0.995755 1.166200 0.000000 0.000000 0.000000 1.000000
0.997405 -0.034267 0.063316 -0.000000 0.037301 0.998181 -0.047372 7.722000 -0.061577 0.049611 0.996869 1.166200 0.000000 0.000000 0.000000 1.000000
0.996333 -0.033029 0.078931 0.000000 0.035816 0.998775 -0.034157 7.722000 -0.077706 0.036859 0.996295 1.166200 0.000000 0.000000 0.000000 1.000000
0.994833 -0.055559 0.084978 0.000000 0.058836 0.997598 -0.036549 7.722000 -0.082743 0.041360 0.995712 1.166200 0.000000 0.000000 0.000000 1.000000
0.989623 -0.049264 0.134981 0.000000 0.057783 0.996528 -0.059943 7.722000 -0.131559 0.067120 0.989033 1.166200 0.000000 0.000000 0.000000 1.000000
0.975241 -0.039710 0.217552 -0.000000 0.063380 0.992668 -0.102927 7.722000 -0.211869 0.114168 0.970607 1.166200 0.000000 0.000000 0.000000 1.000000
0.972565 0.007807 0.232500 0.000000 0.028784 0.987718 -0.153573 7.722000 -0.230844 0.156052 0.960395 1.166200 0.000000 0.000000 0.000000 1.000000
0.987036 -0.068424 0.145186 0.000000 0.091758 0.982734 -0.160667 7.722000 -0.131685 0.171906 0.976272 1.166200 0.000000 0.000000 0.000000 1.000000
0.963740 -0.209371 0.165437 0.000000 0.226375 0.969736 -0.091466 7.722000 -0.141280 0.125601 0.981970 1.166200 0.000000 0.000000 0.000000 1.000000
0.909319 -0.189350 0.370521 0.000000 0.325352 0.878655 -0.349443 7.722000 -0.259393 0.438305 0.860583 1.166200 0.000000 0.000000 0.000000 1.000000
0.900005 -0.272143 0.340485 -0.000000 0.413875 0.778613 -0.471666 7.722000 -0.136745 0.565420 0.813389 1.166200 0.000000 0.000000 0.000000 1.000000
0.949590 -0.241247 0.200195 0.000000 0.307837 0.838330 -0.449932 7.722000 -0.059285 0.488879 0.870335 1.166200 0.000000 0.000000 0.000000 1.000000
0.988662 -0.120484 0.089618 0.000000 0.149165 0.856593 -0.493962 7.722000 -0.017251 0.501730 0.864852 1.166200 0.000000 0.000000 0.000000 1.000000
0.999152 -0.023425 -0.033847 -0.000000 0.007587 0.912993 -0.407905 7.722000 0.040458 0.407302 0.912397 1.166200 0.000000 0.000000 0.000000 1.000000
0.995466 -0.093687 0.016438 0.000000 0.091032 0.888260 -0.450229 7.722000 0.027580 0.449684 0.892762 1.166200 0.000000 0.000000 0.000000 1.000000
0.995324 -0.095902 0.011530 0.000000 0.089970 0.877027 -0.471942 7.722000 0.035148 0.470773 0.881554 1.166200 0.000000 0.000000 0.000000 1.000000
0.981159 -0.189413 0.038078 -0.000000 0.184035 0.856279 -0.482616 7.722000 0.058808 0.480531 0.875004 1.166200 0.000000 0.000000 0.000000 1.000000
0.976530 -0.215376 -0.001365 0.000000 0.190684 0.867488 -0.459462 7.722000 0.100141 0.448418 0.888197 1.166200 0.000000 0.000000 0.000000 1.000000
0.975720 -0.214227 -0.045584 0.000000 0.171478 0.876666 -0.449503 7.722000 0.136257 0.430772 0.892115 1.166200 0.000000 0.000000 0.000000 1.000000
0.969574 -0.237463 -0.059482 0.000000 0.186961 0.875156 -0.446259 7.722000 0.158026 0.421560 0.892925 1.166200 0.000000 0.000000 0.000000 1.000000
0.962094 -0.267706 -0.052054 0.000000 0.219926 0.874456 -0.432387 7.722000 0.161272 0.404549 0.900184 1.166200 0.000000 0.000000 0.000000 1.000000
0.956069 -0.289603 -0.045405 0.000000 0.245450 0.875550 -0.416134 7.722000 0.160268 0.386708 0.908169 1.166200 0.000000 0.000000 0.000000 1.000000
0.956891 -0.288737 -0.031457 0.000000 0.251061 0.876727 -0.410267 7.722000 0.146038 0.384683 0.911423 1.166200 0.000000 0.000000 0.000000 1.000000
0.956659 -0.289872 -0.027881 0.000000 0.252216 0.872614 -0.418248 7.722000 0.145568 0.393089 0.907905 1.166200 0.000000 0.000000 0.000000 1.000000
0.959266 -0.281535 -0.023379 0.000000 0.242679 0.863576 -0.441977 7.722000 0.144622 0.418300 0.896722 1.166200 0.000000 0.000000 0.000000 1.000000
0.964168 -0.264806 -0.016051 -0.000000 0.227099 0.855123 -0.466037 7.722000 0.137135 0.445693 0.884620 1.166200 0.000000 0.000000 0.000000 1.000000
0.972387 -0.233351 -0.003454 -0.000000 0.202431 0.850722 -0.485070 7.722000 0.116130 0.470976 0.874468 1.166200 0.000000 0.000000 0.000000 1.000000
0.985010 -0.171919 -0.014097 -0.000000 0.142548 0.857293 -0.494701 7.722000 0.097134 0.485276 0.868949 1.166200 0.000000 0.000000 0.000000 1.000000
0.989970 -0.141088 -0.007262 0.000000 0.118107 0.854740 -0.505441 7.722000 0.077519 0.499514 0.862831 1.166200 0.000000 0.000000 0.000000 1.000000
0.992796 -0.117864 0.021539 0.000000 0.112578 0.856093 -0.504412 7.722000 0.041013 0.503203 0.863194 1.166200 0.000000 0.000000 0.000000 1.000000
0.995161 -0.067920 0.071002 0.000000 0.094870 0.852284 -0.514405 7.722000 -0.025576 0.518652 0.854603 1.166200 0.000000 0.000000 0.000000 1.000000
0.987461 -0.064720 0.143989 0.000000 0.132287 0.836980 -0.531004 7.722000 -0.086149 0.543393 0.835046 1.166200 0.000000 0.000000 0.000000 1.000000
0.973149 -0.101043 0.206810 -0.000000 0.200214 0.814856 -0.543990 7.722000 -0.113554 0.570790 0.813206 1.166200 0.000000 0.000000 0.000000 1.000000
0.956957 -0.144066 0.251948 0.000000 0.255255 0.830919 -0.494388 7.722000 -0.138124 0.537419 0.831927 1.166200 0.000000 0.000000 0.000000 1.000000
0.941676 -0.204538 0.267226 -0.000000 0.310953 0.832474 -0.458580 7.722000 -0.128662 0.514929 0.847523 1.166200 0.000000 0.000000 0.000000 1.000000
0.924296 -0.268872 0.270896 0.000000 0.363609 0.836082 -0.410799 7.722000 -0.116039 0.478200 0.870551 1.166200 0.000000 0.000000 0.000000 1.000000
0.911663 -0.313295 0.265926 -0.000000 0.397616 0.835948 -0.378277 7.722000 -0.103788 0.450597 0.886674 1.166200 0.000000 0.000000 0.000000 1.000000
0.913866 -0.316767 0.253983 -0.000000 0.398094 0.822038 -0.407154 7.722000 -0.079811 0.473193 0.877336 1.166200 0.000000 0.000000 0.000000 1.000000
0.923240 -0.286726 0.255767 0.000000 0.380068 0.779159 -0.498458 7.722000 -0.056362 0.557405 0.828326 1.166200 0.000000 0.000000 0.000000 1.000000
0.942730 -0.239063 0.232612 0.000000 0.331847 0.742698 -0.581616 7.722000 -0.033717 0.625499 0.779496 1.166200 0.000000 0.000000 0.000000 1.000000
0.957099 -0.201543 0.208186 0.000000 0.289374 0.701942 -0.650800 7.722000 -0.014970 0.683124 0.730149 1.166200 0.000000 0.000000 0.000000 1.000000
0.967722 -0.199776 0.153637 0.000000 0.249346 0.670369 -0.698879 7.722000 0.036625 0.714629 0.698544 1.166200 0.000000 0.000000 0.000000 1.000000
0.967410 -0.219230 0.126709 0.000000 0.239602 0.630691 -0.738119 7.722000 0.081903 0.744424 0.662665 1.166200 0.000000 0.000000 0.000000 1.000000
0.974905 -0.187292 0.120343 -0.000000 0.210850 0.603359 -0.769091 7.722000 0.071434 0.775164 0.627708 1.166200 0.000000 0.000000 0.000000 1.000000
0.972125 -0.180386 0.149779 0.000000 0.230691 0.621758 -0.748464 7.722000 0.041886 0.762153 0.646040 1.166200 0.000000 0.000000 0.000000 1.000000
0.970485 -0.206411 0.124714 0.000000 0.232251 0.660662 -0.713852 7.722000 0.064953 0.721748 0.689102 1.166200 0.000000 0.000000 0.000000 1.000000
0.966225 -0.242395 0.087481 0.000000 0.232450 0.673259 -0.701918 7.722000 0.111244 0.698546 0.706865 1.166200 0.000000 0.000000 0.000000 1.000000
0.961712 -0.267014 0.061756 -0.000000 0.239388 0.708724 -0.663630 7.722000 0.133431 0.653004 0.745508 1.166200 0.000000 0.000000 0.000000 1.000000
0.959188 -0.279384 0.043621 0.000000 0.240302 0.724068 -0.646514 7.722000 0.149041 0.630611 0.761654 1.166200 0.000000 0.000000 0.000000 1.000000
0.968380 -0.249066 0.014383 0.000000 0.207540 0.772251 -0.600463 7.722000 0.138447 0.584461 0.799523 1.166200 0.000000 0.000000 0.000000 1.000000
0.972222 -0.233684 0.013230 -0.000000 0.202535 0.811602 -0.547980 7.722000 0.117317 0.535438 0.836387 1.166200 0.000000 0.000000 0.000000 1.000000
0.975259 -0.221015 -0.004724 0.000000 0.194673 0.868755 -0.455375 7.722000 0.104749 0.443189 0.890287 1.166200 0.000000 0.000000 0.000000 1.000000
0.977209 -0.212251 -0.003597 0.000000 0.190855 0.885869 -0.422861 7.722000 0.092939 0.412537 0.906187 1.166200 0.000000 0.000000 0.000000 1.000000
0.978455 -0.206056 -0.012936 0.000000 0.179453 0.879767 -0.440234 7.722000 0.102093 0.428428 0.897790 1.166200 0.000000 0.000000 0.000000 1.000000
0.981589 -0.185704 -0.044690 0.000000 0.147348 0.885092 -0.441477 7.722000 0.121539 0.426763 0.896159 1.166200 0.000000 0.000000 0.000000 1.000000
0.985074 -0.159729 -0.064158 -0.000000 0.118947 0.901074 -0.417034 7.722000 0.124424 0.403178 0.906624 1.166200 0.000000 0.000000 0.000000 1.000000
0.990585 -0.120698 -0.064598 0.000000 0.085713 0.914759 -0.394802 7.722000 0.106743 0.385548 0.916492 1.166200 0.000000 0.000000 0.000000 1.000000
0.995406 -0.073951 -0.060820 0.000000 0.045770 0.925432 -0.376139 7.722000 0.084101 0.371627 0.924565 1.166200 0.000000 0.000000 0.000000 1.000000
0.997057 -0.044324 -0.062551 0.000000 0.019050 0.933571 -0.357885 7.722000 0.074259 0.355641 0.931668 1.166200 0.000000 0.000000 0.000000 1.000000
0.996823 -0.023854 -0.075993 -0.000000 -0.003144 0.941570 -0.336803 7.722000 0.079587 0.335972 0.938503 1.166200 0.000000 0.000000 0.000000 1.000000
0.996720 -0.011883 -0.080045 0.000000 -0.013886 0.949375 -0.313839 7.722000 0.079722 0.313921 0.946096 1.166200 0.000000 0.000000 0.000000 1.000000
0.996406 -0.005790 -0.084506 0.000000 -0.018262 0.959514 -0.281068 7.722000 0.082712 0.281601 0.955960 1.166200 0.000000 0.000000 0.000000 1.000000
0.996481 -0.005675 -0.083628 0.000000 -0.015546 0.967883 -0.250919 7.722000 0.082367 0.251336 0.964389 1.166200 0.000000 0.000000 0.000000 1.000000
0.996886 -0.008541 -0.078393 0.000000 -0.009159 0.974848 -0.222682 7.722000 0.078323 0.222706 0.971734 1.166200 0.000000 0.000000 0.000000 1.000000
0.997714 -0.020332 -0.064449 0.000000 0.006749 0.978878 -0.204336 7.722000 0.067243 0.203434 0.976777 1.166200 0.000000 0.000000 0.000000 1.000000
0.998033 -0.022053 -0.058680 -0.000000 0.010452 0.981515 -0.191101 7.722000 0.061809 0.190111 0.979815 1.166200 0.000000 0.000000 0.000000 1.000000
0.998545 -0.009901 -0.052999 0.000000 0.000317 0.984055 -0.177862 7.722000 0.053915 0.177586 0.982627 1.166200 0.000000 0.000000 0.000000 1.000000
0.999449 -0.010086 -0.031628 0.000000 0.005012 0.987653 -0.156580 7.722000 0.032817 0.156335 0.987159 1.166200 0.000000 0.000000 0.000000 1.000000
0.999804 -0.013493 -0.014522 0.000000 0.011350 0.990269 -0.138703 7.722000 0.016252 0.138511 0.990228 1.166200 0.000000 0.000000 0.000000 1.000000
0.999720 -0.019977 -0.012689 0.000000 0.018362 0.993005 -0.116636 7.722000 0.014930 0.116370 0.993094 1.166200 0.000000 0.000000 0.000000 1.000000
0.999512 -0.029991 -0.008783 0.000000 0.029096 0.995636 -0.088672 7.722000 0.011404 0.088373 0.996022 1.166200 0.000000 0.000000 0.000000 1.000000</float_array>
        <technique_common>
          <accessor source="#mixamorig_Spine-Matrix-animation-output-transform-array" count="103" stride="16">
            <param type="float4x4"/>
          </accessor>
        </technique_common>
      </source>
      <source id="mixamorig_Spine-Interpolations">
        <Name_array id="mixamorig_Spine-Interpolations-array" count="103">
 LINEAR LINEAR LINEAR LINEAR LINEAR LINEAR LINEAR LINEAR LINEAR LINEAR LINEAR
LINEAR LINEAR LINEAR LINEAR LINEAR LINEAR LINEAR LINEAR LINEAR LINEAR LINEAR LINEAR
LINEAR LINEAR LINEAR LINEAR LINEAR LINEAR LINEAR LINEAR LINEAR LINEAR LINEAR LINEAR
LINEAR LINEAR LINEAR LINEAR LINEAR LINEAR LINEAR LINEAR LINEAR LINEAR LINEAR LINEAR
LINEAR LINEAR LINEAR LINEAR LINEAR LINEAR LINEAR LINEAR LINEAR LINEAR LINEAR LINEAR
LINEAR LINEAR LINEAR LINEAR LINEAR LINEAR LINEAR LINEAR LINEAR LINEAR LINEAR LINEAR
LINEAR LINEAR LINEAR LINEAR LINEAR LINEAR LINEAR LINEAR LINEAR LINEAR LINEAR LINEAR
LINEAR LINEAR LINEAR LINEAR LINEAR LINEAR LINEAR LINEAR LINEAR LINEAR LINEAR LINEAR
LINEAR LINEAR LINEAR LINEAR LINEAR LINEAR LINEAR LINEAR</Name_array>
        <technique_common>
          <accessor source="#mixamorig_Spine-Interpolations-array" count="103">
            <param type="name"/>
          </accessor>
        </technique_common>
      </source>
      <sampler id="mixamorig_Spine-Matrix-animation-transform">
        <input semantic="INPUT" source="#mixamorig_Spine-Matrix-animation-input"/>
        <input semantic="OUTPUT" source="#mixamorig_Spine-Matrix-animation-output-transform"/>
        <input semantic="INTERPOLATION" source="#mixamorig_Spine-Interpolations"/>
      </sampler>
      <channel source="#mixamorig_Spine-Matrix-animation-transform" target="mixamorig_Spine/matrix"/>
    </animation>
    <animation id="mixamorig_Spine1-anim" name="mixamorig_Spine1">
      <source id="mixamorig_Spine1-Matrix-animation-input">
        <float_array id="mixamorig_Spine1-Matrix-animation-input-array" count="103">

0.000000 0.033333 0.066667 0.100000 0.133333 0.166667 0.200000 0.233333 0.266667 0.300000 0.333333 0.366667 0.400000 0.433333 0.466667 0.500000
0.533333 0.566667 0.600000 0.633333 0.666667 0.700000 0.733333 0.766667 0.800000 0.833333 0.866667 0.900000 0.933333 0.966667 1.000000 1.033333
1.066667 1.100000 1.133333 1.166667 1.200000 1.233333 1.266667 1.300000 1.333333 1.366667 1.400000 1.433333 1.466667 1.500000 1.533333 1.566667
1.600000 1.633333 1.666667 1.700000 1.733333 1.766667 1.800000 1.833333 1.866667 1.900000 1.933333 1.966667 2.000000 2.033333 2.066667 2.100000
2.133333 2.166667 2.200000 2.233333 2.266667 2.300000 2.333333 2.366667 2.400000 2.433333 2.466667 2.500000 2.533333 2.566667 2.600000 2.633333
2.666667 2.700000 2.733333 2.766667 2.800000 2.833333 2.866667 2.900000 2.933333 2.966667 3.000000 3.033333 3.066667 3.100000 3.133333 3.166667
3.200000 3.233333 3.266667 3.300000 3.333333 3.366667 3.400000</float_array>
        <technique_common>
          <accessor source="#mixamorig_Spine1-Matrix-animation-input-array" count="103">
            <param name="TIME" type="float"/>
          </accessor>
        </technique_common>
      </source>
      <source id="mixamorig_Spine1-Matrix-animation-output-transform">
        <float_array id="mixamorig_Spine1-Matrix-animation-output-transform-array" count="1648">

0.999521 0.027864 -0.013501 0.000000 -0.028133 0.999402 -0.020129 9.598400 0.012932 0.020499 0.999706 -0.000000 0.000000 0.000000 0.000000 1.000000
0.999591 0.021926 -0.018350 0.000000 -0.022135 0.999692 -0.011235 9.598400 0.018098 0.011637 0.999769 0.000000 0.000000 0.000000 0.000000 1.000000
0.999604 0.015661 -0.023362 -0.000000 -0.015668 0.999877 -0.000116 9.598400 0.023357 0.000482 0.999727 0.000000 0.000000 0.000000 0.000000 1.000000
