<?xml version="1.0" encoding="utf-8"?>
<COLLADA xmlns="http://www.collada.org/2005/11/COLLADASchema" version="1.4.1">
  <asset>
    <contributor>
      <author>Mixamo</author>
      <authoring_tool>COLLADA Mixamo exporter</authoring_tool>
      <comments/>
    </contributor>
    <created>2024-05-08T07:30:43Z</created>
    <modified>2024-05-08T07:30:43Z</modified>
    <revision/>
    <title/>
    <unit meter="0.010000"/>
    <up_axis>Y_UP</up_axis>
  </asset>
  <library_animations>
    <animation id="mixamorig_Hips-anim" name="mixamorig_Hips">
      <source id="mixamorig_Hips-Matrix-animation-input">
        <float_array id="mixamorig_Hips-Matrix-animation-input-array" count="75">

0.000000 0.033333 0.066667 0.100000 0.133333 0.166667 0.200000 0.233333 0.266667 0.300000 0.333333 0.366667 0.400000 0.433333 0.466667 0.500000
0.533333 0.566667 0.600000 0.633333 0.666667 0.700000 0.733333 0.766667 0.800000 0.833333 0.866667 0.900000 0.933333 0.966667 1.000000 1.033333
1.066667 1.100000 1.133333 1.166667 1.200000 1.233333 1.266667 1.300000 1.333333 1.366667 1.400000 1.433333 1.466667 1.500000 1.533333 1.566667
1.600000 1.633333 1.666667 1.700000 1.733333 1.766667 1.800000 1.833333 1.866667 1.900000 1.933333 1.966667 2.000000 2.033333 2.066667 2.100000
2.133333 2.166667 2.200000 2.233333 2.266667 2.300000 2.333333 2.366667 2.400000 2.433333 2.466667</float_array>
        <technique_common>
          <accessor source="#mixamorig_Hips-Matrix-animation-input-array" count="75">
            <param name="TIME" type="float"/>
          </accessor>
        </technique_common>
      </source>
      <source id="mixamorig_Hips-Matrix-animation-output-transform">
        <float_array id="mixamorig_Hips-Matrix-animation-output-transform-array" count="1200">

0.998361 -0.001120 -0.057211 -0.024929 -0.016067 0.954105 -0.299041 78.052841 0.054921 0.299470 0.952524 0.902746 0.000000 0.000000 0.000000 1.000000
0.998940 -0.009112 -0.045128 -0.319196 -0.006311 0.943865 -0.330272 77.859993 0.045604 0.330207 0.942806 1.481116 0.000000 0.000000 0.000000 1.000000
0.999563 -0.017129 -0.024100 -0.766849 0.007084 0.930088 -0.367269 77.715340 0.028706 0.366937 0.929803 2.014158 0.000000 0.000000 0.000000 1.000000
0.999759 -0.021086 0.006067 -1.335124 0.021730 0.913310 -0.406685 77.514923 0.003034 0.406719 0.913548 2.490883 0.000000 0.000000 0.000000 1.000000
0.998914 -0.023347 0.040322 -1.977833 0.038896 0.894309 -0.445757 77.169411 -0.025654 0.446841 0.894245 2.844598 0.000000 0.000000 0.000000 1.000000
0.997312 -0.020292 0.070410 -2.619015 0.052008 0.872924 -0.485076 76.374153 -0.051619 0.487434 0.871633 3.081943 0.000000 0.000000 0.000000 1.000000
0.995451 -0.017438 0.093664 -3.435225 0.063777 0.852309 -0.519136 75.185028 -0.070778 0.522749 0.849544 3.193249 0.000000 0.000000 0.000000 1.000000
0.994422 -0.025870 0.102250 -4.645478 0.077428 0.837341 -0.541170 73.806969 -0.071618 0.546068 0.834674 3.243181 0.000000 0.000000 0.000000 1.000000
0.996514 -0.026974 0.078951 -5.625877 0.066300 0.830480 -0.553088 71.272850 -0.050648 0.556394 0.829373 3.288769 0.000000 0.000000 0.000000 1.000000
0.997703 -0.033112 0.059094 -6.610629 0.060758 0.823142 -0.564575 67.722145 -0.029948 0.566869 0.823263 3.393707 0.000000 0.000000 0.000000 1.000000
0.997329 -0.046097 0.056661 -8.343544 0.070343 0.815138 -0.574980 63.894939 -0.019682 0.577430 0.816203 3.375865 0.000000 0.000000 0.000000 1.000000
0.995907 -0.067297 0.060333 -10.022601 0.089801 0.812355 -0.576208 60.256760 -0.010235 0.579268 0.815073 3.501080 0.000000 0.000000 0.000000 1.000000
0.990589 -0.123665 0.058647 -12.158902 0.135329 0.820933 -0.554757 56.691120 0.020458 0.557473 0.829943 4.376057 0.000000 0.000000 0.000000 1.000000
0.981032 -0.185424 0.056511 -14.691757 0.186205 0.820396 -0.540627 52.734421 0.053884 0.540895 0.839362 5.611157 0.000000 0.000000 0.000000 1.000000
0.959106 -0.276019 0.062685 -17.477697 0.268791 0.818782 -0.507294 49.045113 0.088697 0.503398 0.859490 7.335190 0.000000 0.000000 0.000000 1.000000
0.917372 -0.390960 0.074695 -20.371239 0.377705 0.795854 -0.473239 45.362343 0.125571 0.462348 0.877762 9.726576 0.000000 0.000000 0.000000 1.000000
0.860322 -0.504504 0.072949 -23.728020 0.480724 0.755380 -0.445316 41.741714 0.169559 0.418183 0.892397 12.475910 0.000000 0.000000 0.000000 1.000000
0.788433 -0.610417 0.075922 -28.038280 0.579779 0.696219 -0.423244 38.639824 0.205497 0.377718 0.902829 15.808502 0.000000 0.000000 0.000000 1.000000
0.703727 -0.705457 0.084250 -33.595715 0.669184 0.618321 -0.412156 35.541168 0.238665 0.346424 0.907210 19.664291 0.000000 0.000000 0.000000 1.000000
0.629532 -0.771888 0.088753 -40.048931 0.733808 0.553122 -0.394439 31.875877 0.255372 0.313440 0.914626 23.688833 0.000000 0.000000 0.000000 1.000000
0.558992 -0.823211 0.099257 -47.928162 0.783332 0.485039 -0.388753 28.254360 0.271883 0.295061 0.915980 26.197182 0.000000 0.000000 0.000000 1.000000
0.476929 -0.867419 0.141858 -55.886490 0.855418 0.420988 -0.301711 23.333385 0.201989 0.265243 0.942787 28.781759 0.000000 0.000000 0.000000 1.000000
0.329222 -0.926884 0.180273 -63.031025 0.940434 0.304706 -0.150794 18.542099 0.084839 0.219180 0.971989 30.979710 0.000000 0.000000 0.000000 1.000000
0.175006 -0.977971 0.113776 -69.496681 0.982957 0.166943 -0.076983 16.296888 0.056293 0.125309 0.990519 32.657215 0.000000 0.000000 0.000000 1.000000
0.006242 -0.997941 0.063841 -73.314369 0.993999 -0.000780 -0.109388 14.616255 0.109212 0.064140 0.991947 33.388783 0.000000 0.000000 0.000000 1.000000
-0.165979 -0.984513 0.056444 -76.597511 0.979563 -0.171198 -0.105586 13.715055 0.113614 0.037765 0.992807 33.649036 0.000000 0.000000 0.000000 1.000000
-0.215896 -0.973403 0.076656 -79.815422 0.976416 -0.215328 0.015697 13.984726 0.001227 0.078237 0.996934 33.893757 0.000000 0.000000 0.000000 1.000000
-0.212705 -0.973921 0.078956 -82.903343 0.971297 -0.201942 0.125702 14.213572 -0.106479 0.103427 0.988921 34.001095 0.000000 0.000000 0.000000 1.000000
-0.229322 -0.971380 0.061899 -85.598518 0.960574 -0.215584 0.175561 13.908442 -0.157193 0.099719 0.982521 33.492401 0.000000 0.000000 0.000000 1.000000
-0.250437 -0.966733 0.052038 -88.916077 0.949356 -0.234691 0.208909 13.194141 -0.189746 0.101721 0.976550 33.047230 0.000000 0.000000 0.000000 1.000000
-0.276093 -0.959969 0.047239 -92.068542 0.926137 -0.252578 0.280134 12.450660 -0.256989 0.121093 0.958798 32.854439 0.000000 0.000000 0.000000 1.000000
-0.296131 -0.954884 0.022431 -94.827965 0.893831 -0.268765 0.358930 12.577450 -0.336708 0.126340 0.933095 32.681309 0.000000 0.000000 0.000000 1.000000
-0.270861 -0.962413 -0.019891 -97.409042 0.888856 -0.257985 0.378653 12.950825 -0.369553 0.084882 0.925325 32.507088 0.000000 0.000000 0.000000 1.000000
-0.231804 -0.972457 -0.024382 -99.791161 0.910909 -0.225792 0.345343 12.794410 -0.341337 0.057842 0.938160 32.019299 0.000000 0.000000 0.000000 1.000000
-0.208105 -0.978098 -0.004112 -102.134300 0.924407 -0.198052 0.325956 12.596654 -0.319631 0.064032 0.945376 31.991632 0.000000 0.000000 0.000000 1.000000
-0.192429 -0.981272 0.008751 -104.059715 0.933473 -0.180290 0.310037 12.930148 -0.302653 0.067829 0.950684 32.189548 0.000000 0.000000 0.000000 1.000000
-0.161817 -0.986724 -0.013815 -105.000633 0.951744 -0.159749 0.262039 13.121082 -0.260767 0.029255 0.964958 32.472458 0.000000 0.000000 0.000000 1.000000
-0.130138 -0.991478 0.005872 -105.329132 0.960688 -0.124627 0.248087 13.267860 -0.245241 0.037927 0.968720 32.476452 0.000000 0.000000 0.000000 1.000000
-0.051185 -0.996107 0.071764 -105.267883 0.961701 -0.029787 0.272479 13.914087 -0.269281 0.082963 0.959482 32.319382 0.000000 0.000000 0.000000 1.000000
0.037345 -0.985394 0.166145 -104.307396 0.946159 0.088364 0.311409 13.988539 -0.321542 0.145570 0.935639 31.708899 0.000000 0.000000 0.000000 1.000000
0.109591 -0.964264 0.241217 -103.039085 0.921241 0.189660 0.339623 14.378148 -0.373235 0.185000 0.909104 30.761175 0.000000 0.000000 0.000000 1.000000
0.182549 -0.930990 0.316123 -102.222855 0.907982 0.282969 0.309025 14.649363 -0.377152 0.230622 0.896978 30.028877 0.000000 0.000000 0.000000 1.000000
0.257526 -0.882312 0.393961 -101.046188 0.890063 0.375307 0.258714 14.807133 -0.376123 0.284024 0.881965 29.612377 0.000000 0.000000 0.000000 1.000000
0.348534 -0.817537 0.458428 -99.587593 0.851319 0.480746 0.210095 14.915878 -0.392148 0.317043 0.863541 28.919067 0.000000 0.000000 0.000000 1.000000
0.452131 -0.741796 0.495294 -97.687988 0.796622 0.585607 0.149857 15.151437 -0.401211 0.326807 0.855703 28.380962 0.000000 0.000000 0.000000 1.000000
0.576208 -0.648431 0.497515 -95.357430 0.733509 0.678770 0.035139 15.455925 -0.360484 0.344685 0.866743 27.792297 0.000000 0.000000 0.000000 1.000000
0.677315 -0.560503 0.476530 -92.455658 0.670808 0.736489 -0.087181 16.158745 -0.302094 0.378709 0.874825 27.732897 0.000000 0.000000 0.000000 1.000000
0.749798 -0.505572 0.426848 -89.319038 0.622339 0.757953 -0.195452 17.254372 -0.224716 0.412193 0.882949 27.735718 0.000000 0.000000 0.000000 1.000000
0.792335 -0.503634 0.344324 -85.504852 0.596541 0.757828 -0.264264 18.618443 -0.127846 0.414789 0.900892 27.964300 0.000000 0.000000 0.000000 1.000000
0.823742 -0.504942 0.257840 -81.399170 0.565824 0.760984 -0.317405 20.082590 -0.035941 0.407352 0.912564 28.441231 0.000000 0.000000 0.000000 1.000000
0.858672 -0.475920 0.190216 -77.423286 0.511273 0.769470 -0.382773 21.546907 0.035803 0.425929 0.904048 29.135260 0.000000 0.000000 0.000000 1.000000
0.897835 -0.413139 0.152347 -73.715553 0.437913 0.801528 -0.407167 22.710541 0.046106 0.432283 0.900559 30.013611 0.000000 0.000000 0.000000 1.000000
0.922556 -0.355924 0.149027 -70.969070 0.385848 0.847505 -0.364495 23.531845 0.003431 0.393768 0.919203 31.010572 0.000000 0.000000 0.000000 1.000000
0.940874 -0.287849 0.178605 -68.561829 0.330229 0.896913 -0.294102 24.968790 -0.075536 0.335693 0.938938 32.610565 0.000000 0.000000 0.000000 1.000000
0.948239 -0.224197 0.224896 -66.507881 0.275422 0.933151 -0.231023 28.289255 -0.158067 0.281006 0.946599 34.666222 0.000000 0.000000 0.000000 1.000000
0.947623 -0.179491 0.264183 -64.381386 0.226417 0.960918 -0.159288 33.704727 -0.225268 0.210760 0.951228 36.991100 0.000000 0.000000 0.000000 1.000000
0.953592 -0.151137 0.260421 -61.855782 0.179673 0.979659 -0.089365 40.962029 -0.241617 0.132008 0.961351 39.057518 0.000000 0.000000 0.000000 1.000000
0.968232 -0.144236 0.204263 -58.937866 0.158270 0.985916 -0.054033 48.728340 -0.193593 0.084645 0.977424 39.964653 0.000000 0.000000 0.000000 1.000000
0.983877 -0.134650 0.117710 -56.582352 0.145543 0.985302 -0.089424 55.124893 -0.103939 0.105114 0.989014 39.915249 0.000000 0.000000 0.000000 1.000000
0.990162 -0.126236 0.060370 -53.944630 0.133716 0.980735 -0.142404 60.226963 -0.041230 0.149075 0.987966 39.397953 0.000000 0.000000 0.000000 1.000000
0.994812 -0.090362 0.046728 -51.060436 0.097273 0.979405 -0.176927 64.275520 -0.029778 0.180554 0.983114 38.935719 0.000000 0.000000 0.000000 1.000000
0.997306 -0.072777 0.009197 -48.265400 0.073159 0.977613 -0.197284 66.544830 0.005366 0.197426 0.980303 38.508072 0.000000 0.000000 0.000000 1.000000
0.998185 -0.057386 -0.018287 -45.167370 0.052071 0.974821 -0.216823 67.685005 0.030269 0.215477 0.976040 38.375526 0.000000 0.000000 0.000000 1.000000
0.997441 -0.050530 -0.050581 -42.428749 0.036812 0.969442 -0.242541 68.080688 0.061291 0.240058 0.968822 38.262703 0.000000 0.000000 0.000000 1.000000
0.997066 -0.047515 -0.060014 -40.090683 0.030223 0.964689 -0.261651 68.182808 0.070327 0.259070 0.963295 38.208897 0.000000 0.000000 0.000000 1.000000
0.997401 -0.051394 -0.050504 -37.718067 0.035301 0.959552 -0.279310 68.352066 0.062816 0.276801 0.958872 38.192081 0.000000 0.000000 0.000000 1.000000
0.997400 -0.050437 -0.051477 -35.798561 0.032564 0.952618 -0.302422 68.862961 0.064291 0.299959 0.951783 38.167225 0.000000 0.000000 0.000000 1.000000
0.996905 -0.045260 -0.064278 -34.439522 0.022742 0.948716 -0.315310 70.045036 0.075253 0.312872 0.946809 38.207069 0.000000 0.000000 0.000000 1.000000
0.997571 -0.037859 -0.058471 -33.311844 0.017485 0.948627 -0.315914 71.738190 0.067427 0.314124 0.946985 38.416080 0.000000 0.000000 0.000000 1.000000
0.998335 -0.029478 -0.049580 -32.597626 0.012306 0.948611 -0.316206 73.552628 0.056353 0.315070 0.947394 38.583710 0.000000 0.000000 0.000000 1.000000
0.998432 -0.021932 -0.051501 -32.262165 0.004588 0.949012 -0.315207 75.177795 0.055788 0.314476 0.947625 38.730988 0.000000 0.000000 0.000000 1.000000
0.998090 -0.015107 -0.059897 -32.145138 -0.004352 0.950029 -0.312132 76.508949 0.061619 0.311796 0.948149 38.959549 0.000000 0.000000 0.000000 1.000000
0.997936 -0.011772 -0.063129 -32.122013 -0.008149 0.951896 -0.306312 77.460831 0.063698 0.306194 0.949836 39.192924 0.000000 0.000000 0.000000 1.000000
0.998186 -0.008528 -0.059598 -32.137939 -0.009805 0.953672 -0.300688 77.999573 0.059401 0.300727 0.951859 39.322792 0.000000 0.000000 0.000000 1.000000
0.998361 -0.001120 -0.057212 -32.200699 -0.016067 0.954105 -0.299041 78.052834 0.054921 0.299470 0.952524 39.310631 0.000000 0.000000 0.000000 1.000000</float_array>
        <technique_common>
          <accessor source="#mixamorig_Hips-Matrix-animation-output-transform-array" count="75" stride="16">
            <param type="float4x4"/>
          </accessor>
        </technique_common>
      </source>
      <source id="mixamorig_Hips-Interpolations">
        <Name_array id="mixamorig_Hips-Interpolations-array" count="75">
 LINEAR LINEAR LINEAR LINEAR LINEAR LINEAR LINEAR LINEAR LINEAR LINEAR LINEAR
LINEAR LINEAR LINEAR LINEAR LINEAR LINEAR LINEAR LINEAR LINEAR LINEAR LINEAR LINEAR
LINEAR LINEAR LINEAR LINEAR LINEAR LINEAR LINEAR LINEAR LINEAR LINEAR LINEAR LINEAR
LINEAR LINEAR LINEAR LINEAR LINEAR LINEAR LINEAR LINEAR LINEAR LINEAR LINEAR LINEAR
LINEAR LINEAR LINEAR LINEAR LINEAR LINEAR LINEAR LINEAR LINEAR LINEAR LINEAR LINEAR
LINEAR LINEAR LINEAR LINEAR LINEAR LINEAR LINEAR LINEAR LINEAR LINEAR LINEAR LINEAR
LINEAR LINEAR LINEAR LINEAR</Name_array>
        <technique_common>
          <accessor source="#mixamorig_Hips-Interpolations-array" count="75">
            <param type="name"/>
          </accessor>
        </technique_common>
      </source>
      <sampler id="mixamorig_Hips-Matrix-animation-transform">
        <input semantic="INPUT" source="#mixamorig_Hips-Matrix-animation-input"/>
        <input semantic="OUTPUT" source="#mixamorig_Hips-Matrix-animation-output-transform"/>
        <input semantic="INTERPOLATION" source="#mixamorig_Hips-Interpolations"/>
      </sampler>
      <channel source="#mixamorig_Hips-Matrix-animation-transform" target="mixamorig_Hips/matrix"/>
    </animation>
    <animation id="mixamorig_Spine-anim" name="mixamorig_Spine">
      <source id="mixamorig_Spine-Matrix-animation-input">
        <float_array id="mixamorig_Spine-Matrix-animation-input-array" count="75">

0.000000 0.033333 0.066667 0.100000 0.133333 0.166667 0.200000 0.233333 0.266667 0.300000 0.333333 0.366667 0.400000 0.433333 0.466667 0.500000
0.533333 0.566667 0.600000 0.633333 0.666667 0.700000 0.733333 0.766667 0.800000 0.833333 0.866667 0.900000 0.933333 0.966667 1.000000 1.033333
1.066667 1.100000 1.133333 1.166667 1.200000 1.233333 1.266667 1.300000 1.333333 1.366667 1.400000 1.433333 1.466667 1.500000 1.533333 1.566667
1.600000 1.633333 1.666667 1.700000 1.733333 1.766667 1.800000 1.833333 1.866667 1.900000 1.933333 1.966667 2.000000 2.033333 2.066667 2.100000
2.133333 2.166667 2.200000 2.233333 2.266667 2.300000 2.333333 2.366667 2.400000 2.433333 2.466667</float_array>
        <technique_common>
          <accessor source="#mixamorig_Spine-Matrix-animation-input-array" count="75">
            <param name="TIME" type="float"/>
          </accessor>
        </technique_common>
      </source>
      <source id="mixamorig_Spine-Matrix-animation-output-transform">
        <float_array id="mixamorig_Spine-Matrix-animation-output-transform-array" count="1200">

0.999606 -0.007898 -0.026921 0.000000 -0.000058 0.958975 -0.283490 7.722000 0.028056 0.283380 0.958597 1.166200 0.000000 0.000000 0.000000 1.000000
0.999654 -0.016832 -0.020223 0.000000 0.010886 0.964318 -0.264524 7.722000 0.023953 0.264213 0.964167 1.166200 0.000000 0.000000 0.000000 1.000000
0.999517 -0.027973 -0.013545 0.000000 0.023819 0.969407 -0.244300 7.722000 0.019964 0.243859 0.969605 1.166200 0.000000 0.000000 0.000000 1.000000
0.999033 -0.043689 -0.004926 0.000000 0.041472 0.973625 -0.224352 7.722000 0.014598 0.223931 0.974496 1.166200 0.000000 0.000000 0.000000 1.000000
0.998234 -0.059240 0.004519 0.000000 0.058897 0.976716 -0.206291 7.722000 0.007807 0.206193 0.978480 1.166200 0.000000 0.000000 0.000000 1.000000
0.997006 -0.075168 0.018126 0.000000 0.077246 0.978705 -0.190185 7.722000 -0.003445 0.191016 0.981581 1.166200 0.000000 0.000000 0.000000 1.000000
0.996088 -0.082754 0.030999 -0.000000 0.087044 0.979329 -0.182585 7.722000 -0.015249 0.184569 0.982701 1.166200 0.000000 0.000000 0.000000 1.000000
0.996959 -0.069926 0.034404 0.000000 0.075175 0.979283 -0.188026 7.722000 -0.020543 0.190041 0.981561 1.166200 0.000000 0.000000 0.000000 1.000000
0.996980 -0.064170 0.043742 -0.000000 0.071716 0.976855 -0.201520 7.722000 -0.029798 0.204048 0.978507 1.166200 0.000000 0.000000 0.000000 1.000000
0.997391 -0.058169 0.042744 0.000000 0.066080 0.974087 -0.216307 7.722000 -0.029054 0.218568 0.975389 1.166200 0.000000 0.000000 0.000000 1.000000
0.998645 -0.043251 0.028938 0.000000 0.048842 0.970912 -0.234401 7.722000 -0.017958 0.235497 0.971709 1.166200 0.000000 0.000000 0.000000 1.000000
0.999137 -0.035214 0.022006 0.000000 0.039735 0.964686 -0.260388 7.722000 -0.012059 0.261037 0.965253 1.166200 0.000000 0.000000 0.000000 1.000000
0.999790 -0.019448 0.006505 0.000000 0.020498 0.957291 -0.288399 7.722000 -0.000618 0.288472 0.957488 1.166200 0.000000 0.000000 0.000000 1.000000
0.999876 -0.015189 -0.004184 0.000000 0.013362 0.958270 -0.285552 7.722000 0.008347 0.285461 0.958354 1.166200 0.000000 0.000000 0.000000 1.000000
0.999791 -0.013559 -0.015271 0.000000 0.008633 0.958303 -0.285623 7.722000 0.018507 0.285432 0.958220 1.166200 0.000000 0.000000 0.000000 1.000000
0.999514 -0.019408 -0.024408 -0.000000 0.012027 0.962091 -0.272462 7.722000 0.028771 0.272036 0.961857 1.166200 0.000000 0.000000 0.000000 1.000000
0.998469 -0.040362 -0.037827 0.000000 0.029752 0.968328 -0.247904 7.722000 0.046635 0.246399 0.968046 1.166200 0.000000 0.000000 0.000000 1.000000
0.997823 -0.049963 -0.043047 0.000000 0.039484 0.975399 -0.216880 7.722000 0.052824 0.214708 0.975249 1.166200 0.000000 0.000000 0.000000 1.000000
0.997212 -0.059556 -0.044967 -0.000000 0.050742 0.982974 -0.176598 7.722000 0.054719 0.173824 0.983255 1.166200 0.000000 0.000000 0.000000 1.000000
0.996669 -0.073188 -0.035970 0.000000 0.066801 0.985708 -0.154653 7.722000 0.046775 0.151735 0.987314 1.166200 0.000000 0.000000 0.000000 1.000000
0.997196 -0.071150 -0.023173 0.000000 0.067073 0.987198 -0.144709 7.722000 0.033172 0.142749 0.989203 1.166200 0.000000 0.000000 0.000000 1.000000
0.997723 -0.050555 -0.044642 -0.000000 0.043411 0.987945 -0.148591 7.722000 0.051616 0.146314 0.987891 1.166200 0.000000 0.000000 0.000000 1.000000
0.995593 0.016162 -0.092374 -0.000000 -0.028226 0.991003 -0.130832 7.722000 0.089428 0.132863 0.987092 1.166200 0.000000 0.000000 0.000000 1.000000
0.991318 0.099973 -0.085407 -0.000000 -0.109998 0.986400 -0.122125 7.722000 0.072037 0.130460 0.988833 1.166200 0.000000 0.000000 0.000000 1.000000
0.984775 0.168537 -0.042590 0.000000 -0.172782 0.975912 -0.133204 7.722000 0.019115 0.138535 0.990173 1.166200 0.000000 0.000000 0.000000 1.000000
0.974378 0.224910 -0.001665 0.000000 -0.223241 0.966195 -0.128959 7.722000 -0.027395 0.126027 0.991648 1.166200 0.000000 0.000000 0.000000 1.000000
0.967735 0.250102 -0.030623 0.000000 -0.251858 0.963752 -0.088031 7.722000 0.007496 0.092903 0.995647 1.166200 0.000000 0.000000 0.000000 1.000000
0.968376 0.247066 -0.034719 0.000000 -0.248979 0.965909 -0.070918 7.722000 0.016014 0.077319 0.996878 1.166200 0.000000 0.000000 0.000000 1.000000
0.968185 0.244394 -0.053749 0.000000 -0.248104 0.965506 -0.079007 7.722000 0.032586 0.089829 0.995424 1.166200 0.000000 0.000000 0.000000 1.000000
0.969537 0.237773 -0.058843 0.000000 -0.241717 0.967617 -0.072738 7.722000 0.039642 0.084745 0.995614 1.166200 0.000000 0.000000 0.000000 1.000000
0.967487 0.245161 -0.062166 0.000000 -0.248832 0.966663 -0.060379 7.722000 0.045291 0.073885 0.996238 1.166200 0.000000 0.000000 0.000000 1.000000
0.966423 0.249241 -0.062498 0.000000 -0.252900 0.965650 -0.059671 7.722000 0.045479 0.073473 0.996260 1.166200 0.000000 0.000000 0.000000 1.000000
0.971552 0.229162 -0.059766 0.000000 -0.233434 0.969201 -0.078473 7.722000 0.039942 0.090192 0.995123 1.166200 0.000000 0.000000 0.000000 1.000000
0.975309 0.211563 -0.063356 0.000000 -0.217031 0.971264 -0.097689 7.722000 0.040868 0.109027 0.993198 1.166200 0.000000 0.000000 0.000000 1.000000
0.974707 0.210610 -0.074761 0.000000 -0.217721 0.970347 -0.104997 7.722000 0.050431 0.118619 0.991658 1.166200 0.000000 0.000000 0.000000 1.000000
0.975513 0.201576 -0.087988 0.000000 -0.210988 0.970639 -0.115516 7.722000 0.062119 0.131252 0.989401 1.166200 0.000000 0.000000 0.000000 1.000000
0.977876 0.190763 -0.085836 0.000000 -0.202500 0.966167 -0.159737 7.722000 0.052460 0.173585 0.983421 1.166200 0.000000 0.000000 0.000000 1.000000
0.978557 0.185128 -0.090299 0.000000 -0.199261 0.961865 -0.187379 7.722000 0.052167 0.201354 0.978128 1.166200 0.000000 0.000000 0.000000 1.000000
0.982457 0.155576 -0.102835 0.000000 -0.173969 0.963212 -0.204833 7.722000 0.067185 0.219130 0.973380 1.166200 0.000000 0.000000 0.000000 1.000000
0.985305 0.134069 -0.105824 0.000000 -0.154302 0.964368 -0.214906 7.722000 0.073241 0.228077 0.970884 1.166200 0.000000 0.000000 0.000000 1.000000
0.988726 0.116269 -0.094354 0.000000 -0.135608 0.962497 -0.234967 7.722000 0.063496 0.245113 0.967413 1.166200 0.000000 0.000000 0.000000 1.000000
0.989803 0.115077 -0.083952 0.000000 -0.133010 0.957593 -0.255587 7.722000 0.050980 0.264147 0.963134 1.166200 0.000000 0.000000 0.000000 1.000000
0.986952 0.128623 -0.096864 0.000000 -0.150174 0.952329 -0.265553 7.722000 0.058090 0.276634 0.959218 1.166200 0.000000 0.000000 0.000000 1.000000
0.985027 0.122072 -0.121738 0.000000 -0.150926 0.951890 -0.266695 7.722000 0.083325 0.281075 0.956061 1.166200 0.000000 0.000000 0.000000 1.000000
0.983001 0.104834 -0.150729 -0.000000 -0.141594 0.955474 -0.258883 7.722000 0.116878 0.275825 0.954076 1.166200 0.000000 0.000000 0.000000 1.000000
0.983890 0.077223 -0.161237 -0.000000 -0.115203 0.963536 -0.241508 7.722000 0.136708 0.256192 0.956910 1.166200 0.000000 0.000000 0.000000 1.000000
0.984442 0.040365 -0.171011 0.000000 -0.080207 0.969173 -0.232961 7.722000 0.156336 0.243053 0.957332 1.166200 0.000000 0.000000 0.000000 1.000000
0.985365 0.018723 -0.169426 -0.000000 -0.058939 0.970066 -0.235582 7.722000 0.159944 0.242120 0.956972 1.166200 0.000000 0.000000 0.000000 1.000000
0.989020 0.033816 -0.143857 -0.000000 -0.070808 0.962882 -0.260469 7.722000 0.129710 0.267795 0.954705 1.166200 0.000000 0.000000 0.000000 1.000000
0.993443 0.051239 -0.102206 -0.000000 -0.079543 0.951888 -0.295943 7.722000 0.082125 0.302132 0.949722 1.166200 0.000000 0.000000 0.000000 1.000000
0.993951 0.080712 -0.074479 0.000000 -0.099702 0.947526 -0.303732 7.722000 0.046056 0.309321 0.949842 1.166200 0.000000 0.000000 0.000000 1.000000
0.996295 0.077081 -0.038144 0.000000 -0.084971 0.950721 -0.298178 7.722000 0.013280 0.300315 0.953748 1.166200 0.000000 0.000000 0.000000 1.000000
0.996346 0.081177 -0.026545 -0.000000 -0.085382 0.954176 -0.286807 7.722000 0.002046 0.288025 0.957621 1.166200 0.000000 0.000000 0.000000 1.000000
0.997120 0.073733 -0.017780 -0.000000 -0.075821 0.962939 -0.258845 7.722000 -0.001965 0.259447 0.965755 1.166200 0.000000 0.000000 0.000000 1.000000
0.997082 0.070704 -0.028796 0.000000 -0.075359 0.971890 -0.223049 7.722000 0.012216 0.224568 0.974382 1.166200 0.000000 0.000000 0.000000 1.000000
0.996913 0.065798 -0.042831 -0.000000 -0.073103 0.976907 -0.200771 7.722000 0.028632 0.203283 0.978701 1.166200 0.000000 0.000000 0.000000 1.000000
0.997592 0.052315 -0.045527 0.000000 -0.060051 0.979996 -0.189739 7.722000 0.034690 0.192017 0.980778 1.166200 0.000000 0.000000 0.000000 1.000000
0.998872 0.041030 -0.023894 0.000000 -0.044994 0.978693 -0.200341 7.722000 0.015165 0.201190 0.979435 1.166200 0.000000 0.000000 0.000000 1.000000
0.998885 0.047184 0.001572 0.000000 -0.045798 0.976546 -0.210383 7.722000 -0.011461 0.210076 0.977618 1.166200 0.000000 0.000000 0.000000 1.000000
0.998960 0.044478 0.010061 0.000000 -0.041301 0.975992 -0.213853 7.722000 -0.019332 0.213215 0.976814 1.166200 0.000000 0.000000 0.000000 1.000000
0.999954 0.007153 0.006335 -0.000000 -0.005569 0.975075 -0.221805 7.722000 -0.007764 0.221760 0.975070 1.166200 0.000000 0.000000 0.000000 1.000000
0.999883 -0.010345 0.011235 0.000000 0.012683 0.972266 -0.233533 7.722000 -0.008507 0.233649 0.972284 1.166200 0.000000 0.000000 0.000000 1.000000
0.999507 -0.029823 0.009865 0.000000 0.031323 0.969851 -0.241676 7.722000 -0.002360 0.241866 0.970307 1.166200 0.000000 0.000000 0.000000 1.000000
0.999366 -0.033950 0.010741 0.000000 0.035550 0.968572 -0.246179 7.722000 -0.002045 0.246404 0.969165 1.166200 0.000000 0.000000 0.000000 1.000000
0.999389 -0.033472 0.010097 0.000000 0.034937 0.967000 -0.252371 7.722000 -0.001317 0.252570 0.967578 1.166200 0.000000 0.000000 0.000000 1.000000
0.999385 -0.033894 0.009012 0.000000 0.035072 0.965020 -0.259820 7.722000 0.000109 0.259977 0.965615 1.166200 0.000000 0.000000 0.000000 1.000000
0.999380 -0.032685 0.013079 -0.000000 0.034972 0.964369 -0.262237 7.722000 -0.004041 0.262532 0.964915 1.166200 0.000000 0.000000 0.000000 1.000000
0.999490 -0.029663 0.011806 0.000000 0.031742 0.963000 -0.267625 7.722000 -0.003430 0.267863 0.963451 1.166200 0.000000 0.000000 0.000000 1.000000
0.999495 -0.031658 0.002821 0.000000 0.031223 0.961408 -0.273351 7.722000 0.005941 0.273301 0.961910 1.166200 0.000000 0.000000 0.000000 1.000000
0.999430 -0.033640 -0.002873 0.000000 0.031548 0.960794 -0.275464 7.722000 0.012027 0.275216 0.961307 1.166200 0.000000 0.000000 0.000000 1.000000
0.999522 -0.030717 -0.003601 0.000000 0.028517 0.960417 -0.277103 7.722000 0.011970 0.276868 0.960833 1.166200 0.000000 0.000000 0.000000 1.000000
0.999645 -0.026248 -0.004678 -0.000000 0.023899 0.959943 -0.279175 7.722000 0.011818 0.278964 0.960229 1.166200 0.000000 0.000000 0.000000 1.000000
0.999765 -0.018580 -0.011171 0.000000 0.014689 0.959521 -0.281253 7.722000 0.015945 0.281022 0.959569 1.166200 0.000000 0.000000 0.000000 1.000000
0.999742 -0.011043 -0.019848 0.000000 0.004976 0.959113 -0.282978 7.722000 0.022162 0.282806 0.958921 1.166200 0.000000 0.000000 0.000000 1.000000
0.999606 -0.007898 -0.026921 0.000000 -0.000058 0.958975 -0.283490 7.722000 0.028056 0.283380 0.958597 1.166200 0.000000 0.000000 0.000000 1.000000</float_array>
        <technique_common>
          <accessor source="#mixamorig_Spine-Matrix-animation-output-transform-array" count="75" stride="16">
            <param type="float4x4"/>
          </accessor>
        </technique_common>
      </source>
      <source id="mixamorig_Spine-Interpolations">
        <Name_array id="mixamorig_Spine-Interpolations-array" count="75">
 LINEAR LINEAR LINEAR LINEAR LINEAR LINEAR LINEAR LINEAR LINEAR LINEAR LINEAR
LINEAR LINEAR LINEAR LINEAR LINEAR LINEAR LINEAR LINEAR LINEAR LINEAR LINEAR LINEAR
LINEAR LINEAR LINEAR LINEAR LINEAR LINEAR LINEAR LINEAR LINEAR LINEAR LINEAR LINEAR
LINEAR LINEAR LINEAR LINEAR LINEAR LINEAR LINEAR LINEAR LINEAR LINEAR LINEAR LINEAR
LINEAR LINEAR LINEAR LINEAR LINEAR LINEAR LINEAR LINEAR LINEAR LINEAR LINEAR LINEAR
LINEAR LINEAR LINEAR LINEAR LINEAR LINEAR LINEAR LINEAR LINEAR LINEAR LINEAR LINEAR
LINEAR LINEAR LINEAR LINEAR</Name_array>
        <technique_common>
          <accessor source="#mixamorig_Spine-Interpolations-array" count="75">
            <param type="name"/>
          </accessor>
        </technique_common>
      </source>
      <sampler id="mixamorig_Spine-Matrix-animation-transform">
        <input semantic="INPUT" source="#mixamorig_Spine-Matrix-animation-input"/>
        <input semantic="OUTPUT" source="#mixamorig_Spine-Matrix-animation-output-transform"/>
        <input semantic="INTERPOLATION" source="#mixamorig_Spine-Interpolations"/>
      </sampler>
      <channel source="#mixamorig_Spine-Matrix-animation-transform" target="mixamorig_Spine/matrix"/>
    </animation>
    <animation id="mixamorig_Spine1-anim" name="mixamorig_Spine1">
      <source id="mixamorig_Spine1-Matrix-animation-input">
        <float_array id="mixamorig_Spine1-Matrix-animation-input-array" count="75">

0.000000 0.033333 0.066667 0.100000 0.133333 0.166667 0.200000 0.233333 0.266667 0.300000 0.333333 0.366667 0.400000 0.433333 0.466667 0.500000
0.533333 0.566667 0.600000 0.633333 0.666667 0.700000 0.733333 0.766667 0.800000 0.833333 0.866667 0.900000 0.933333 0.966667 1.000000 1.033333
1.066667 1.100000 1.133333 1.166667 1.200000 1.233333 1.266667 1.300000 1.333333 1.366667 1.400000 1.433333 1.466667 1.500000 1.533333 1.566667
1.600000 1.633333 1.666667 1.700000 1.733333 1.766667 1.800000 1.833333 1.866667 1.900000 1.933333 1.966667 2.000000 2.033333 2.066667 2.100000
2.133333 2.166667 2.200000 2.233333 2.266667 2.300000 2.333333 2.366667 2.400000 2.433333 2.466667</float_array>
        <technique_common>
          <accessor source="#mixamorig_Spine1-Matrix-animation-input-array" count="75">
            <param name="TIME" type="float"/>
          </accessor>
        </technique_common>
      </source>
      <source id="mixamorig_Spine1-Matrix-animation-output-transform">
        <float_array id="mixamorig_Spine1-Matrix-animation-output-transform-array" count="1200">

0.999521 0.027864 -0.013501 -0.000000 -0.028133 0.999402 -0.020129 9.598400 0.012932 0.020499 0.999706 -0.000000 0.000000 0.000000 0.000000 1.000000
0.999726 0.019701 -0.012642 0.000000 -0.019971 0.999568 -0.021566 9.598400 0.012212 0.021813 0.999687 0.000000 0.000000 0.000000 0.000000 1.000000
0.999867 0.010072 -0.012861 0.000000 -0.010387 0.999642 -0.024652 9.598400 0.012608 0.024782 0.999613 -0.000000 0.000000 0.000000 0.000000 1.000000
0.999905 -0.001269 -0.013758 -0.000000 0.000869 0.999579 -0.028995 9.598400 0.013789 0.028981 0.999485 -0.000000 0.000000 0.000000 0.000000 1.000000
0.999826 -0.011520 -0.014705 0.000000 0.011006 0.999343 -0.034540 9.598400 0.015094 0.034372 0.999295 -0.000000 0.000000 0.000000 0.000000 1.000000
0.999700 -0.020388 -0.013563 0.000000 0.019839 0.999025 -0.039427 9.598400 0.014354 0.039147 0.999130 -0.000000 0.000000 0.000000 0.000000 1.000000
0.999620 -0.025968 -0.009236 -0.000000 0.025503 0.998556 -0.047271 9.598400 0.010450 0.047018 0.998839 -0.000000 0.000000 0.000000 0.000000 1.000000
0.999698 -0.024511 -0.002026 0.000000 0.024345 0.997896 -0.060098 9.598400 0.003495 0.060031 0.998190 0.000000 0.000000 0.000000 0.000000 1.000000
0.999738 -0.022056 0.006110 0.000000 0.022441 0.997111 -0.072566 9.598400 -0.004492 0.072684 0.997345 0.000000 0.000000 0.000000 0.000000 1.000000
0.999811 -0.018620 0.005604 0.000000 0.019027 0.996255 -0.084347 9.598400 -0.004012 0.084438 0.996421 0.000000 0.000000 0.000000 0.000000 1.000000
0.999919 -0.012707 -0.000946 -0.000000 0.012551 0.995007 -0.099015 9.598400 0.002200 0.098995 0.995086 0.000000 0.000000 0.000000 0.000000 1.000000
0.999946 -0.006976 -0.007733 -0.000000 0.005999 0.992775 -0.119839 9.598400 0.008514 0.119786 0.992763 0.000000 0.000000 0.000000 0.000000 1.000000
0.999874 0.001822 -0.015789 -0.000000 -0.004049 0.989832 -0.142185 9.598400 0.015369 0.142231 0.989714 0.000000 0.000000 0.000000 0.000000 1.000000
0.999747 0.004017 -0.022150 0.000000 -0.007077 0.990148 -0.139844 9.598400 0.021370 0.139966 0.989926 0.000000 0.000000 0.000000 0.000000 1.000000
0.999543 0.007602 -0.029255 -0.000000 -0.011632 0.990063 -0.140140 9.598400 0.027899 0.140416 0.989699 0.000000 0.000000 0.000000 0.000000 1.000000
0.999288 0.010736 -0.036158 -0.000000 -0.015334 0.991475 -0.129391 9.598400 0.034460 0.129854 0.990934 0.000000 0.000000 0.000000 0.000000 1.000000
0.998849 0.008650 -0.047184 -0.000000 -0.013814 0.993809 -0.110242 9.598400 0.045938 0.110767 0.992784 -0.000000 0.000000 0.000000 0.000000 1.000000
0.998814 0.007598 -0.048093 -0.000000 -0.011774 0.996125 -0.087160 9.598400 0.047244 0.087623 0.995033 0.000000 0.000000 0.000000 0.000000 1.000000
0.998849 0.005613 -0.047631 0.000000 -0.008313 0.998358 -0.056673 9.598400 0.047235 0.057004 0.997256 0.000000 0.000000 0.000000 0.000000 1.000000
0.999335 0.000302 -0.036474 -0.000000 -0.001757 0.999204 -0.039854 9.598400 0.036433 0.039891 0.998540 0.000000 0.000000 0.000000 0.000000 1.000000
0.999795 0.000482 -0.020266 0.000000 -0.001184 0.999400 -0.034626 9.598400 0.020237 0.034643 0.999195 0.000000 0.000000 0.000000 0.000000 1.000000
0.999492 0.007442 -0.031003 -0.000000 -0.008532 0.999345 -0.035165 9.598400 0.030721 0.035411 0.998901 0.000000 0.000000 0.000000 0.000000 1.000000
0.996782 0.050678 -0.062110 0.000000 -0.052016 0.998443 -0.020123 9.598400 0.060993 0.023289 0.997866 0.000000 0.000000 0.000000 0.000000 1.000000
0.994270 0.095650 -0.047737 -0.000000 -0.096586 0.995167 -0.017701 9.598400 0.045813 0.022210 0.998703 0.000000 0.000000 0.000000 0.000000 1.000000
0.993574 0.111593 -0.018928 -0.000000 -0.112053 0.993380 -0.025320 9.598400 0.015977 0.027278 0.999500 -0.000000 0.000000 0.000000 0.000000 1.000000
0.992830 0.119478 0.003638 0.000000 -0.119385 0.992654 -0.019654 9.598400 -0.005960 0.019079 0.999800 0.000000 0.000000 0.000000 0.000000 1.000000
0.990822 0.133049 -0.023887 0.000000 -0.132797 0.991072 0.011872 9.598400 0.025253 -0.008591 0.999644 0.000000 0.000000 0.000000 0.000000 1.000000
0.992257 0.120747 -0.029079 0.000000 -0.120027 0.992447 0.025364 9.598400 0.031922 -0.021678 0.999255 -0.000000 0.000000 0.000000 0.000000 1.000000
0.992250 0.116982 -0.041891 0.000000 -0.116407 0.993074 0.015934 9.598400 0.043465 -0.010934 0.998995 0.000000 0.000000 0.000000 0.000000 1.000000
0.991333 0.124731 -0.041238 0.000000 -0.124033 0.992095 0.019067 9.598400 0.043291 -0.013787 0.998967 0.000000 0.000000 0.000000 0.000000 1.000000
0.989116 0.141595 -0.040009 0.000000 -0.140499 0.989656 0.029005 9.598400 0.043702 -0.023068 0.998778 -0.000000 0.000000 0.000000 0.000000 1.000000
0.988076 0.148445 -0.040871 0.000000 -0.147273 0.988630 0.030343 9.598400 0.044911 -0.023962 0.998704 0.000000 0.000000 0.000000 0.000000 1.000000
0.989605 0.138018 -0.040416 -0.000000 -0.137427 0.990365 0.017061 9.598400 0.042381 -0.011329 0.999037 0.000000 0.000000 0.000000 0.000000 1.000000
0.991256 0.124768 -0.042955 0.000000 -0.124705 0.992185 0.004162 9.598400 0.043139 0.001231 0.999068 0.000000 0.000000 0.000000 0.000000 1.000000
0.990811 0.125872 -0.049503 -0.000000 -0.126007 0.992029 0.000397 9.598400 0.049158 0.005844 0.998774 0.000000 0.000000 0.000000 0.000000 1.000000
0.990366 0.126062 -0.057296 0.000000 -0.126651 0.991924 -0.006756 9.598400 0.055982 0.013948 0.998334 0.000000 0.000000 0.000000 0.000000 1.000000
0.991382 0.120412 -0.051603 0.000000 -0.122587 0.991599 -0.041275 9.598400 0.046200 0.047246 0.997814 -0.000000 0.000000 0.000000 0.000000 1.000000
0.991162 0.122338 -0.051305 0.000000 -0.125463 0.990103 -0.062896 9.598400 0.043103 0.068777 0.996700 0.000000 0.000000 0.000000 0.000000 1.000000
0.991098 0.117124 -0.063296 0.000000 -0.121763 0.989705 -0.075221 9.598400 0.053834 0.082259 0.995156 -0.000000 0.000000 0.000000 0.000000 1.000000
0.991877 0.107216 -0.068448 0.000000 -0.112695 0.990243 -0.081965 9.598400 0.058992 0.089013 0.994282 -0.000000 0.000000 0.000000 0.000000 1.000000
0.993458 0.096225 -0.061502 0.000000 -0.101966 0.989923 -0.098259 9.598400 0.051427 0.103887 0.993259 -0.000000 0.000000 0.000000 0.000000 1.000000
0.993522 0.098388 -0.056863 -0.000000 -0.104380 0.987943 -0.114338 9.598400 0.044928 0.119533 0.991813 -0.000000 0.000000 0.000000 0.000000 1.000000
0.991774 0.108659 -0.067664 0.000000 -0.116305 0.985718 -0.121790 9.598400 0.053464 0.128658 0.990247 -0.000000 0.000000 0.000000 0.000000 1.000000
0.989668 0.108429 -0.093807 0.000000 -0.119758 0.984897 -0.125044 9.598400 0.078832 0.134986 0.987707 0.000000 0.000000 0.000000 0.000000 1.000000
0.988079 0.096970 -0.119565 0.000000 -0.111644 0.986125 -0.122851 9.598400 0.105993 0.134735 0.985196 -0.000000 0.000000 0.000000 0.000000 1.000000
0.989682 0.071019 -0.124439 0.000000 -0.085044 0.990143 -0.111284 9.598400 0.115309 0.120718 0.985967 0.000000 0.000000 0.000000 0.000000 1.000000
0.991731 0.033285 -0.123940 -0.000000 -0.046271 0.993561 -0.103416 9.598400 0.119700 0.108296 0.986886 0.000000 0.000000 0.000000 0.000000 1.000000
0.993510 0.007870 -0.113469 0.000000 -0.019859 0.994282 -0.104922 9.598400 0.111994 0.106494 0.987986 0.000000 0.000000 0.000000 0.000000 1.000000
0.996593 0.008752 -0.082008 0.000000 -0.018993 0.991981 -0.124950 9.598400 0.080257 0.126082 0.988768 0.000000 0.000000 0.000000 0.000000 1.000000
0.998877 0.015102 -0.044896 0.000000 -0.021758 0.988191 -0.151676 9.598400 0.042076 0.152482 0.987410 0.000000 0.000000 0.000000 0.000000 1.000000
0.999654 0.023542 -0.011735 0.000000 -0.025069 0.987752 -0.154007 9.598400 0.007966 0.154248 0.988000 0.000000 0.000000 0.000000 0.000000 1.000000
0.999683 0.022524 0.011228 0.000000 -0.020632 0.988932 -0.146927 9.598400 -0.014414 0.146648 0.989084 0.000000 0.000000 0.000000 0.000000 1.000000
0.999579 0.019688 0.021322 0.000000 -0.016533 0.990135 -0.139141 9.598400 -0.023851 0.138730 0.990043 0.000000 0.000000 0.000000 0.000000 1.000000
0.999693 0.014818 0.019856 0.000000 -0.012348 0.992794 -0.119200 9.598400 -0.021480 0.118918 0.992672 0.000000 0.000000 0.000000 0.000000 1.000000
0.999854 0.016998 0.001770 0.000000 -0.016764 0.995640 -0.091763 9.598400 -0.003322 0.091720 0.995779 -0.000000 0.000000 0.000000 0.000000 1.000000
0.999680 0.018426 -0.017336 0.000000 -0.019643 0.997147 -0.072883 9.598400 0.015944 0.073200 0.997190 0.000000 0.000000 0.000000 0.000000 1.000000
0.999566 0.013447 -0.026205 0.000000 -0.015081 0.997889 -0.063168 9.598400 0.025300 0.063536 0.997659 0.000000 0.000000 0.000000 0.000000 1.000000
0.999854 0.011666 -0.012484 0.000000 -0.012519 0.997422 -0.070655 9.598400 0.011627 0.070801 0.997423 -0.000000 0.000000 0.000000 0.000000 1.000000
0.999793 0.017828 0.009760 0.000000 -0.017023 0.996876 -0.077130 9.598400 -0.011105 0.076948 0.996973 -0.000000 0.000000 0.000000 0.000000 1.000000
0.999607 0.021132 0.018435 0.000000 -0.019617 0.996699 -0.078777 9.598400 -0.020038 0.078385 0.996722 -0.000000 0.000000 0.000000 0.000000 1.000000
0.999905 0.009827 0.009709 -0.000000 -0.008981 0.996459 -0.083596 9.598400 -0.010497 0.083501 0.996452 -0.000000 0.000000 0.000000 0.000000 1.000000
0.999953 0.006395 0.007310 0.000000 -0.005709 0.995902 -0.090259 9.598400 -0.007857 0.090213 0.995891 -0.000000 0.000000 0.000000 0.000000 1.000000
0.999996 -0.002786 0.000675 0.000000 0.002837 0.995789 -0.091629 9.598400 -0.000417 0.091630 0.995793 0.000000 0.000000 0.000000 0.000000 1.000000
0.999975 -0.007008 0.000427 -0.000000 0.007018 0.996043 -0.088599 9.598400 0.000195 0.088600 0.996067 -0.000000 0.000000 0.000000 0.000000 1.000000
0.999991 -0.004328 0.000351 0.000000 0.004343 0.996298 -0.085852 9.598400 0.000022 0.085853 0.996308 0.000000 0.000000 0.000000 0.000000 1.000000
0.999997 0.000986 -0.002419 0.000000 -0.001184 0.996543 -0.083076 9.598400 0.002329 0.083079 0.996540 0.000000 0.000000 0.000000 0.000000 1.000000
0.999999 0.000686 0.001578 0.000000 -0.000564 0.997107 -0.076010 9.598400 -0.001626 0.076009 0.997106 -0.000000 0.000000 0.000000 0.000000 1.000000
0.999994 0.000837 0.003252 0.000000 -0.000603 0.997455 -0.071293 9.598400 -0.003304 0.071291 0.997450 -0.000000 0.000000 0.000000 0.000000 1.000000
